  0.112474E+01 F
   0.2961E+00   0.2938E+00
   0.0000E+00   0.0000E+00   0.0000E+00   0.0000E+00
  depth        at.density   interstit.  vacancies    atomic fractions of components
  Angs         Angs^-3      dpa         dpa
  0.50000E+01  0.62221E-01  0.19547E+01 0.21046E+01  0.00333 0.07605 0.40391 0.51671
  0.15000E+02  0.64338E-01  0.23098E+01 0.24184E+01  0.00419 0.05888 0.43292 0.50401
  0.25000E+02  0.69818E-01  0.37252E+00 0.28985E+00  0.00623 0.01771 0.49043 0.48563
  0.35000E+02  0.71822E-01  0.59974E-01 0.54522E-01  0.00945 0.00105 0.49493 0.49458
  0.45000E+02  0.71870E-01  0.35839E-01 0.35207E-01  0.01132 0.00003 0.49458 0.49407
  0.55000E+02  0.71851E-01  0.27303E-01 0.26931E-01  0.01169 0.00000 0.49422 0.49409
  0.65000E+02  0.71820E-01  0.22975E-01 0.22748E-01  0.01237 0.00000 0.49402 0.49361
  0.75000E+02  0.71854E-01  0.16991E-01 0.16565E-01  0.01167 0.00000 0.49431 0.49402
  0.85000E+02  0.71866E-01  0.12880E-01 0.12935E-01  0.01136 0.00000 0.49429 0.49435
  0.95000E+02  0.71864E-01  0.89541E-02 0.91179E-02  0.01138 0.00000 0.49424 0.49438
  0.10500E+03  0.71952E-01  0.67938E-02 0.66357E-02  0.00966 0.00000 0.49521 0.49513
  0.11500E+03  0.72012E-01  0.43831E-02 0.42981E-02  0.00847 0.00000 0.49584 0.49568
  0.12500E+03  0.72029E-01  0.33365E-02 0.32022E-02  0.00810 0.00000 0.49596 0.49595
  0.13500E+03  0.72109E-01  0.16981E-02 0.17152E-02  0.00650 0.00000 0.49676 0.49674
  0.14500E+03  0.72169E-01  0.98248E-03 0.88278E-03  0.00531 0.00000 0.49739 0.49731
  0.15500E+03  0.72220E-01  0.73301E-03 0.62304E-03  0.00429 0.00000 0.49788 0.49783
  0.16500E+03  0.72236E-01  0.51490E-03 0.58003E-03  0.00396 0.00000 0.49801 0.49803
  0.17500E+03  0.72301E-01  0.37130E-03 0.32955E-03  0.00267 0.00000 0.49868 0.49865
  0.18500E+03  0.72315E-01  0.61015E-04 0.55437E-04  0.00239 0.00000 0.49881 0.49881
  0.19500E+03  0.72348E-01  0.27563E-04 0.27563E-04  0.00173 0.00000 0.49914 0.49914
  0.20500E+03  0.72381E-01  0.29792E-05 0.29792E-05  0.00106 0.00000 0.49947 0.49947
  0.21500E+03  0.72402E-01  0.24565E-04 0.24565E-04  0.00065 0.00000 0.49968 0.49968
  0.22500E+03  0.72419E-01  0.30579E-05 0.30579E-05  0.00031 0.00000 0.49984 0.49984
  0.23500E+03  0.72422E-01  0.00000E+00 0.00000E+00  0.00025 0.00000 0.49987 0.49987
  0.24500E+03  0.72427E-01  0.00000E+00 0.00000E+00  0.00015 0.00000 0.49992 0.49992
  0.25500E+03  0.72427E-01  0.00000E+00 0.00000E+00  0.00016 0.00000 0.49992 0.49992
  0.26500E+03  0.72431E-01  0.00000E+00 0.00000E+00  0.00007 0.00000 0.49997 0.49997
  0.27500E+03  0.72432E-01  0.00000E+00 0.00000E+00  0.00006 0.00000 0.49997 0.49997
  0.28500E+03  0.72433E-01  0.00000E+00 0.00000E+00  0.00003 0.00000 0.49998 0.49998
  0.29500E+03  0.72435E-01  0.00000E+00 0.00000E+00  0.00000 0.00000 0.50000 0.50000
  0.30500E+03  0.72435E-01  0.00000E+00 0.00000E+00  0.00000 0.00000 0.50000 0.50000
  0.31500E+03  0.72435E-01  0.00000E+00 0.00000E+00  0.00000 0.00000 0.50000 0.50000
  0.32500E+03  0.72435E-01  0.00000E+00 0.00000E+00  0.00000 0.00000 0.50000 0.50000
  0.33500E+03  0.72435E-01  0.00000E+00 0.00000E+00  0.00000 0.00000 0.50000 0.50000
  0.34500E+03  0.72435E-01  0.00000E+00 0.00000E+00  0.00000 0.00000 0.50000 0.50000
  0.35500E+03  0.72435E-01  0.00000E+00 0.00000E+00  0.00000 0.00000 0.50000 0.50000
  0.36500E+03  0.72435E-01  0.00000E+00 0.00000E+00  0.00000 0.00000 0.50000 0.50000
  0.37500E+03  0.72435E-01  0.00000E+00 0.00000E+00  0.00000 0.00000 0.50000 0.50000
  0.38500E+03  0.72435E-01  0.00000E+00 0.00000E+00  0.00000 0.00000 0.50000 0.50000
  0.39500E+03  0.72435E-01  0.00000E+00 0.00000E+00  0.00000 0.00000 0.50000 0.50000
  0.40500E+03  0.72435E-01  0.00000E+00 0.00000E+00  0.00000 0.00000 0.50000 0.50000
  0.41500E+03  0.72435E-01  0.00000E+00 0.00000E+00  0.00000 0.00000 0.50000 0.50000
  0.42500E+03  0.72435E-01  0.00000E+00 0.00000E+00  0.00000 0.00000 0.50000 0.50000
  0.43500E+03  0.72435E-01  0.00000E+00 0.00000E+00  0.00000 0.00000 0.50000 0.50000
  0.44500E+03  0.72435E-01  0.00000E+00 0.00000E+00  0.00000 0.00000 0.50000 0.50000
  0.45500E+03  0.72435E-01  0.00000E+00 0.00000E+00  0.00000 0.00000 0.50000 0.50000
  0.46500E+03  0.72435E-01  0.00000E+00 0.00000E+00  0.00000 0.00000 0.50000 0.50000
  0.47500E+03  0.72435E-01  0.00000E+00 0.00000E+00  0.00000 0.00000 0.50000 0.50000
  0.48500E+03  0.72435E-01  0.00000E+00 0.00000E+00  0.00000 0.00000 0.50000 0.50000
  0.49500E+03  0.72435E-01  0.00000E+00 0.00000E+00  0.00000 0.00000 0.50000 0.50000
  0.50500E+03  0.72435E-01  0.00000E+00 0.00000E+00  0.00000 0.00000 0.50000 0.50000
  0.51500E+03  0.72435E-01  0.00000E+00 0.00000E+00  0.00000 0.00000 0.50000 0.50000
  0.52500E+03  0.72435E-01  0.00000E+00 0.00000E+00  0.00000 0.00000 0.50000 0.50000
  0.53500E+03  0.72435E-01  0.00000E+00 0.00000E+00  0.00000 0.00000 0.50000 0.50000
  0.54500E+03  0.72435E-01  0.00000E+00 0.00000E+00  0.00000 0.00000 0.50000 0.50000
  0.55500E+03  0.72435E-01  0.00000E+00 0.00000E+00  0.00000 0.00000 0.50000 0.50000
  0.56500E+03  0.72435E-01  0.00000E+00 0.00000E+00  0.00000 0.00000 0.50000 0.50000
  0.57500E+03  0.72435E-01  0.00000E+00 0.00000E+00  0.00000 0.00000 0.50000 0.50000
  0.58500E+03  0.72435E-01  0.00000E+00 0.00000E+00  0.00000 0.00000 0.50000 0.50000
  0.59500E+03  0.72435E-01  0.00000E+00 0.00000E+00  0.00000 0.00000 0.50000 0.50000
  0.60500E+03  0.72435E-01  0.00000E+00 0.00000E+00  0.00000 0.00000 0.50000 0.50000
  0.61500E+03  0.72435E-01  0.00000E+00 0.00000E+00  0.00000 0.00000 0.50000 0.50000
  0.62500E+03  0.72435E-01  0.00000E+00 0.00000E+00  0.00000 0.00000 0.50000 0.50000
  0.63500E+03  0.72435E-01  0.00000E+00 0.00000E+00  0.00000 0.00000 0.50000 0.50000
  0.64500E+03  0.72435E-01  0.00000E+00 0.00000E+00  0.00000 0.00000 0.50000 0.50000
  0.65500E+03  0.72435E-01  0.00000E+00 0.00000E+00  0.00000 0.00000 0.50000 0.50000
  0.66500E+03  0.72435E-01  0.00000E+00 0.00000E+00  0.00000 0.00000 0.50000 0.50000
  0.67500E+03  0.72435E-01  0.00000E+00 0.00000E+00  0.00000 0.00000 0.50000 0.50000
  0.68500E+03  0.72435E-01  0.00000E+00 0.00000E+00  0.00000 0.00000 0.50000 0.50000
  0.69500E+03  0.72435E-01  0.00000E+00 0.00000E+00  0.00000 0.00000 0.50000 0.50000
  0.70500E+03  0.72435E-01  0.00000E+00 0.00000E+00  0.00000 0.00000 0.50000 0.50000
  0.71500E+03  0.72435E-01  0.00000E+00 0.00000E+00  0.00000 0.00000 0.50000 0.50000
  0.72500E+03  0.72435E-01  0.00000E+00 0.00000E+00  0.00000 0.00000 0.50000 0.50000
  0.73500E+03  0.72435E-01  0.00000E+00 0.00000E+00  0.00000 0.00000 0.50000 0.50000
  0.74500E+03  0.72435E-01  0.00000E+00 0.00000E+00  0.00000 0.00000 0.50000 0.50000
  0.75500E+03  0.72435E-01  0.00000E+00 0.00000E+00  0.00000 0.00000 0.50000 0.50000
  0.76500E+03  0.72435E-01  0.00000E+00 0.00000E+00  0.00000 0.00000 0.50000 0.50000
  0.77500E+03  0.72435E-01  0.00000E+00 0.00000E+00  0.00000 0.00000 0.50000 0.50000
  0.78500E+03  0.72435E-01  0.00000E+00 0.00000E+00  0.00000 0.00000 0.50000 0.50000
  0.79500E+03  0.72435E-01  0.00000E+00 0.00000E+00  0.00000 0.00000 0.50000 0.50000
  0.80500E+03  0.72435E-01  0.00000E+00 0.00000E+00  0.00000 0.00000 0.50000 0.50000
  0.81500E+03  0.72435E-01  0.00000E+00 0.00000E+00  0.00000 0.00000 0.50000 0.50000
  0.82500E+03  0.72435E-01  0.00000E+00 0.00000E+00  0.00000 0.00000 0.50000 0.50000
  0.83500E+03  0.72435E-01  0.00000E+00 0.00000E+00  0.00000 0.00000 0.50000 0.50000
  0.84500E+03  0.72435E-01  0.00000E+00 0.00000E+00  0.00000 0.00000 0.50000 0.50000
  0.85500E+03  0.72435E-01  0.00000E+00 0.00000E+00  0.00000 0.00000 0.50000 0.50000
  0.86500E+03  0.72435E-01  0.00000E+00 0.00000E+00  0.00000 0.00000 0.50000 0.50000
  0.87500E+03  0.72435E-01  0.00000E+00 0.00000E+00  0.00000 0.00000 0.50000 0.50000
  0.88500E+03  0.72435E-01  0.00000E+00 0.00000E+00  0.00000 0.00000 0.50000 0.50000
  0.89500E+03  0.72435E-01  0.00000E+00 0.00000E+00  0.00000 0.00000 0.50000 0.50000
  0.90500E+03  0.72435E-01  0.00000E+00 0.00000E+00  0.00000 0.00000 0.50000 0.50000
  0.91500E+03  0.72435E-01  0.00000E+00 0.00000E+00  0.00000 0.00000 0.50000 0.50000
  0.92500E+03  0.72435E-01  0.00000E+00 0.00000E+00  0.00000 0.00000 0.50000 0.50000
  0.93500E+03  0.72435E-01  0.00000E+00 0.00000E+00  0.00000 0.00000 0.50000 0.50000
  0.94500E+03  0.72435E-01  0.00000E+00 0.00000E+00  0.00000 0.00000 0.50000 0.50000
  0.95500E+03  0.72435E-01  0.00000E+00 0.00000E+00  0.00000 0.00000 0.50000 0.50000
  0.96500E+03  0.72435E-01  0.00000E+00 0.00000E+00  0.00000 0.00000 0.50000 0.50000
  0.97500E+03  0.72435E-01  0.00000E+00 0.00000E+00  0.00000 0.00000 0.50000 0.50000
  0.98500E+03  0.72435E-01  0.00000E+00 0.00000E+00  0.00000 0.00000 0.50000 0.50000
  0.99500E+03  0.72435E-01  0.00000E+00 0.00000E+00  0.00000 0.00000 0.50000 0.50000
  0.10050E+04  0.83436E-01  0.00000E+00 0.00000E+00  0.00000 0.00000 0.95118 0.04882
  0.10150E+04  0.84830E-01  0.00000E+00 0.00000E+00  0.00000 0.00000 1.00000 0.00000
  0.10250E+04  0.84830E-01  0.00000E+00 0.00000E+00  0.00000 0.00000 1.00000 0.00000
  0.10350E+04  0.84830E-01  0.00000E+00 0.00000E+00  0.00000 0.00000 1.00000 0.00000
  0.10450E+04  0.84830E-01  0.00000E+00 0.00000E+00  0.00000 0.00000 1.00000 0.00000
  0.10550E+04  0.84830E-01  0.00000E+00 0.00000E+00  0.00000 0.00000 1.00000 0.00000
  0.10650E+04  0.84830E-01  0.00000E+00 0.00000E+00  0.00000 0.00000 1.00000 0.00000
  0.10750E+04  0.84830E-01  0.00000E+00 0.00000E+00  0.00000 0.00000 1.00000 0.00000
  0.10850E+04  0.84830E-01  0.00000E+00 0.00000E+00  0.00000 0.00000 1.00000 0.00000
  0.10950E+04  0.84830E-01  0.00000E+00 0.00000E+00  0.00000 0.00000 1.00000 0.00000
  0.11050E+04  0.84830E-01  0.00000E+00 0.00000E+00  0.00000 0.00000 1.00000 0.00000
  0.11150E+04  0.84830E-01  0.00000E+00 0.00000E+00  0.00000 0.00000 1.00000 0.00000
  0.11250E+04  0.84830E-01  0.00000E+00 0.00000E+00  0.00000 0.00000 1.00000 0.00000
  0.11350E+04  0.84830E-01  0.00000E+00 0.00000E+00  0.00000 0.00000 1.00000 0.00000
  0.11450E+04  0.84830E-01  0.00000E+00 0.00000E+00  0.00000 0.00000 1.00000 0.00000
  0.11550E+04  0.84830E-01  0.00000E+00 0.00000E+00  0.00000 0.00000 1.00000 0.00000
  0.11650E+04  0.84830E-01  0.00000E+00 0.00000E+00  0.00000 0.00000 1.00000 0.00000
  0.11750E+04  0.84830E-01  0.00000E+00 0.00000E+00  0.00000 0.00000 1.00000 0.00000
  0.11850E+04  0.84830E-01  0.00000E+00 0.00000E+00  0.00000 0.00000 1.00000 0.00000
  0.11950E+04  0.84830E-01  0.00000E+00 0.00000E+00  0.00000 0.00000 1.00000 0.00000
  0.12050E+04  0.84830E-01  0.00000E+00 0.00000E+00  0.00000 0.00000 1.00000 0.00000
  0.12150E+04  0.84830E-01  0.00000E+00 0.00000E+00  0.00000 0.00000 1.00000 0.00000
  0.12250E+04  0.84830E-01  0.00000E+00 0.00000E+00  0.00000 0.00000 1.00000 0.00000
  0.12350E+04  0.84830E-01  0.00000E+00 0.00000E+00  0.00000 0.00000 1.00000 0.00000
  0.12450E+04  0.84830E-01  0.00000E+00 0.00000E+00  0.00000 0.00000 1.00000 0.00000
  0.12550E+04  0.84830E-01  0.00000E+00 0.00000E+00  0.00000 0.00000 1.00000 0.00000
  0.12650E+04  0.84830E-01  0.00000E+00 0.00000E+00  0.00000 0.00000 1.00000 0.00000
  0.12750E+04  0.84830E-01  0.00000E+00 0.00000E+00  0.00000 0.00000 1.00000 0.00000
  0.12850E+04  0.84830E-01  0.00000E+00 0.00000E+00  0.00000 0.00000 1.00000 0.00000
  0.12950E+04  0.84830E-01  0.00000E+00 0.00000E+00  0.00000 0.00000 1.00000 0.00000
  0.13050E+04  0.84830E-01  0.00000E+00 0.00000E+00  0.00000 0.00000 1.00000 0.00000
  0.13150E+04  0.84830E-01  0.00000E+00 0.00000E+00  0.00000 0.00000 1.00000 0.00000
  0.13250E+04  0.84830E-01  0.00000E+00 0.00000E+00  0.00000 0.00000 1.00000 0.00000
  0.13350E+04  0.84830E-01  0.00000E+00 0.00000E+00  0.00000 0.00000 1.00000 0.00000
  0.13450E+04  0.84830E-01  0.00000E+00 0.00000E+00  0.00000 0.00000 1.00000 0.00000
  0.13550E+04  0.84830E-01  0.00000E+00 0.00000E+00  0.00000 0.00000 1.00000 0.00000
  0.13650E+04  0.84830E-01  0.00000E+00 0.00000E+00  0.00000 0.00000 1.00000 0.00000
  0.13750E+04  0.84830E-01  0.00000E+00 0.00000E+00  0.00000 0.00000 1.00000 0.00000
  0.13850E+04  0.84830E-01  0.00000E+00 0.00000E+00  0.00000 0.00000 1.00000 0.00000
  0.13950E+04  0.84830E-01  0.00000E+00 0.00000E+00  0.00000 0.00000 1.00000 0.00000
  0.14050E+04  0.84830E-01  0.00000E+00 0.00000E+00  0.00000 0.00000 1.00000 0.00000
  0.14150E+04  0.84830E-01  0.00000E+00 0.00000E+00  0.00000 0.00000 1.00000 0.00000
  0.14250E+04  0.84830E-01  0.00000E+00 0.00000E+00  0.00000 0.00000 1.00000 0.00000
  0.14350E+04  0.84830E-01  0.00000E+00 0.00000E+00  0.00000 0.00000 1.00000 0.00000
  0.14450E+04  0.84830E-01  0.00000E+00 0.00000E+00  0.00000 0.00000 1.00000 0.00000
  0.14550E+04  0.84830E-01  0.00000E+00 0.00000E+00  0.00000 0.00000 1.00000 0.00000
  0.14650E+04  0.84830E-01  0.00000E+00 0.00000E+00  0.00000 0.00000 1.00000 0.00000
  0.14750E+04  0.84830E-01  0.00000E+00 0.00000E+00  0.00000 0.00000 1.00000 0.00000
  0.14850E+04  0.84830E-01  0.00000E+00 0.00000E+00  0.00000 0.00000 1.00000 0.00000
  0.14950E+04  0.84830E-01  0.00000E+00 0.00000E+00  0.00000 0.00000 1.00000 0.00000
  0.15050E+04  0.84830E-01  0.00000E+00 0.00000E+00  0.00000 0.00000 1.00000 0.00000
  0.15150E+04  0.84830E-01  0.00000E+00 0.00000E+00  0.00000 0.00000 1.00000 0.00000
  0.15250E+04  0.84830E-01  0.00000E+00 0.00000E+00  0.00000 0.00000 1.00000 0.00000
  0.15350E+04  0.84830E-01  0.00000E+00 0.00000E+00  0.00000 0.00000 1.00000 0.00000
  0.15450E+04  0.84830E-01  0.00000E+00 0.00000E+00  0.00000 0.00000 1.00000 0.00000
  0.15550E+04  0.84830E-01  0.00000E+00 0.00000E+00  0.00000 0.00000 1.00000 0.00000
  0.15650E+04  0.84830E-01  0.00000E+00 0.00000E+00  0.00000 0.00000 1.00000 0.00000
  0.15750E+04  0.84830E-01  0.00000E+00 0.00000E+00  0.00000 0.00000 1.00000 0.00000
  0.15850E+04  0.84830E-01  0.00000E+00 0.00000E+00  0.00000 0.00000 1.00000 0.00000
  0.15950E+04  0.84830E-01  0.00000E+00 0.00000E+00  0.00000 0.00000 1.00000 0.00000
  0.16050E+04  0.84830E-01  0.00000E+00 0.00000E+00  0.00000 0.00000 1.00000 0.00000
  0.16150E+04  0.84830E-01  0.00000E+00 0.00000E+00  0.00000 0.00000 1.00000 0.00000
  0.16250E+04  0.84830E-01  0.00000E+00 0.00000E+00  0.00000 0.00000 1.00000 0.00000
  0.16350E+04  0.84830E-01  0.00000E+00 0.00000E+00  0.00000 0.00000 1.00000 0.00000
  0.16450E+04  0.84830E-01  0.00000E+00 0.00000E+00  0.00000 0.00000 1.00000 0.00000
  0.16550E+04  0.84830E-01  0.00000E+00 0.00000E+00  0.00000 0.00000 1.00000 0.00000
  0.16650E+04  0.84830E-01  0.00000E+00 0.00000E+00  0.00000 0.00000 1.00000 0.00000
  0.16750E+04  0.84830E-01  0.00000E+00 0.00000E+00  0.00000 0.00000 1.00000 0.00000
  0.16850E+04  0.84830E-01  0.00000E+00 0.00000E+00  0.00000 0.00000 1.00000 0.00000
  0.16950E+04  0.84830E-01  0.00000E+00 0.00000E+00  0.00000 0.00000 1.00000 0.00000
  0.17050E+04  0.84830E-01  0.00000E+00 0.00000E+00  0.00000 0.00000 1.00000 0.00000
  0.17150E+04  0.84830E-01  0.00000E+00 0.00000E+00  0.00000 0.00000 1.00000 0.00000
  0.17250E+04  0.84830E-01  0.00000E+00 0.00000E+00  0.00000 0.00000 1.00000 0.00000
  0.17350E+04  0.84830E-01  0.00000E+00 0.00000E+00  0.00000 0.00000 1.00000 0.00000
  0.17450E+04  0.84830E-01  0.00000E+00 0.00000E+00  0.00000 0.00000 1.00000 0.00000
  0.17550E+04  0.84830E-01  0.00000E+00 0.00000E+00  0.00000 0.00000 1.00000 0.00000
  0.17650E+04  0.84830E-01  0.00000E+00 0.00000E+00  0.00000 0.00000 1.00000 0.00000
  0.17750E+04  0.84830E-01  0.00000E+00 0.00000E+00  0.00000 0.00000 1.00000 0.00000
  0.17850E+04  0.84830E-01  0.00000E+00 0.00000E+00  0.00000 0.00000 1.00000 0.00000
  0.17950E+04  0.84830E-01  0.00000E+00 0.00000E+00  0.00000 0.00000 1.00000 0.00000
  0.18050E+04  0.84830E-01  0.00000E+00 0.00000E+00  0.00000 0.00000 1.00000 0.00000
  0.18150E+04  0.84830E-01  0.00000E+00 0.00000E+00  0.00000 0.00000 1.00000 0.00000
  0.18250E+04  0.84830E-01  0.00000E+00 0.00000E+00  0.00000 0.00000 1.00000 0.00000
  0.18350E+04  0.84830E-01  0.00000E+00 0.00000E+00  0.00000 0.00000 1.00000 0.00000
  0.18450E+04  0.84830E-01  0.00000E+00 0.00000E+00  0.00000 0.00000 1.00000 0.00000
  0.18550E+04  0.84830E-01  0.00000E+00 0.00000E+00  0.00000 0.00000 1.00000 0.00000
  0.18650E+04  0.84830E-01  0.00000E+00 0.00000E+00  0.00000 0.00000 1.00000 0.00000
  0.18750E+04  0.84830E-01  0.00000E+00 0.00000E+00  0.00000 0.00000 1.00000 0.00000
  0.18850E+04  0.84830E-01  0.00000E+00 0.00000E+00  0.00000 0.00000 1.00000 0.00000
  0.18950E+04  0.84830E-01  0.00000E+00 0.00000E+00  0.00000 0.00000 1.00000 0.00000
  0.19050E+04  0.84830E-01  0.00000E+00 0.00000E+00  0.00000 0.00000 1.00000 0.00000
  0.19150E+04  0.84830E-01  0.00000E+00 0.00000E+00  0.00000 0.00000 1.00000 0.00000
  0.19250E+04  0.84830E-01  0.00000E+00 0.00000E+00  0.00000 0.00000 1.00000 0.00000
  0.19350E+04  0.84830E-01  0.00000E+00 0.00000E+00  0.00000 0.00000 1.00000 0.00000
  0.19450E+04  0.84830E-01  0.00000E+00 0.00000E+00  0.00000 0.00000 1.00000 0.00000
  0.19550E+04  0.84830E-01  0.00000E+00 0.00000E+00  0.00000 0.00000 1.00000 0.00000
  0.19650E+04  0.84830E-01  0.00000E+00 0.00000E+00  0.00000 0.00000 1.00000 0.00000
  0.19750E+04  0.84830E-01  0.00000E+00 0.00000E+00  0.00000 0.00000 1.00000 0.00000
  0.19850E+04  0.84830E-01  0.00000E+00 0.00000E+00  0.00000 0.00000 1.00000 0.00000
  0.19950E+04  0.84830E-01  0.00000E+00 0.00000E+00  0.00000 0.00000 1.00000 0.00000
