HAr_FeW_60
 0.1000E+01 0.2000E-04 0.2543E-04     50000    4    2    1  500    0   12345 T
 0.20000E+04  200 0.00000E+00 0.10000E+02 0.00000E+00
   3   1 0.000 0.000
      500      500      500    1  200
 T T T F F T
   1.00   1.01   0.00   8.00   4.34  0.000 0.427E-01 1.00 F
    3    0   1.000   0.000   0.00   0.00   0.00   0.00
  18.00  39.95   0.00   8.00   4.34  0.000 0.249E-01 1.00 F
    3    0   1.000   0.000   0.00   0.00   0.00   0.00
  26.00  55.85   0.00   8.00   4.34  0.000 0.848E-01 1.00 F
    0    0   1.000   0.000   0.00   0.00   4.34   6.51
  74.00 183.85   0.00   8.00   4.34  0.000 0.632E-01 1.00 F
    0    0   1.000   0.000   0.00   0.00   6.51   8.68
  1  0    500.00      0.00     60.00  0.500   0   0.000   0.000   0.000
  2  0    500.00      0.00     60.00  0.500   0   0.000   0.000   0.000
