  0.885124E+00 F
   0.1658E+00   0.1642E+00
   0.0000E+00   0.0000E+00   0.0000E+00   0.0000E+00
  depth        at.density   interstit.  vacancies    atomic fractions of components
  Angs         Angs^-3      dpa         dpa
  0.50000E+01  0.66144E-01  0.19617E+01 0.20700E+01  0.00229 0.04445 0.44739 0.50587
  0.15000E+02  0.66730E-01  0.17460E+01 0.18362E+01  0.00241 0.03996 0.45342 0.50421
  0.25000E+02  0.71362E-01  0.17173E+00 0.13180E+00  0.00338 0.00700 0.49725 0.49236
  0.35000E+02  0.72143E-01  0.30098E-01 0.27798E-01  0.00511 0.00027 0.49736 0.49726
  0.45000E+02  0.72120E-01  0.19431E-01 0.18896E-01  0.00640 0.00000 0.49709 0.49651
  0.55000E+02  0.72091E-01  0.14794E-01 0.14928E-01  0.00680 0.00000 0.49646 0.49673
  0.65000E+02  0.72083E-01  0.12938E-01 0.12746E-01  0.00707 0.00000 0.49659 0.49634
  0.75000E+02  0.72135E-01  0.89869E-02 0.87129E-02  0.00604 0.00000 0.49713 0.49683
  0.85000E+02  0.72139E-01  0.71906E-02 0.72137E-02  0.00588 0.00000 0.49704 0.49709
  0.95000E+02  0.72108E-01  0.47513E-02 0.48590E-02  0.00649 0.00000 0.49672 0.49680
  0.10500E+03  0.72143E-01  0.32642E-02 0.32681E-02  0.00582 0.00000 0.49709 0.49709
  0.11500E+03  0.72196E-01  0.23491E-02 0.22704E-02  0.00477 0.00000 0.49765 0.49757
  0.12500E+03  0.72192E-01  0.18140E-02 0.17315E-02  0.00483 0.00000 0.49759 0.49758
  0.13500E+03  0.72254E-01  0.96211E-03 0.95703E-03  0.00360 0.00000 0.49820 0.49820
  0.14500E+03  0.72293E-01  0.57484E-03 0.49783E-03  0.00283 0.00000 0.49861 0.49856
  0.15500E+03  0.72312E-01  0.49975E-03 0.44267E-03  0.00245 0.00000 0.49880 0.49875
  0.16500E+03  0.72323E-01  0.34327E-03 0.36449E-03  0.00222 0.00000 0.49888 0.49890
  0.17500E+03  0.72365E-01  0.22943E-03 0.20629E-03  0.00139 0.00000 0.49931 0.49929
  0.18500E+03  0.72367E-01  0.43529E-04 0.41250E-04  0.00135 0.00000 0.49933 0.49932
  0.19500E+03  0.72388E-01  0.27586E-04 0.27586E-04  0.00092 0.00000 0.49954 0.49954
  0.20500E+03  0.72403E-01  0.23846E-05 0.23846E-05  0.00063 0.00000 0.49968 0.49968
  0.21500E+03  0.72422E-01  0.25191E-04 0.25191E-04  0.00025 0.00000 0.49987 0.49987
  0.22500E+03  0.72427E-01  0.24252E-05 0.24252E-05  0.00015 0.00000 0.49993 0.49993
  0.23500E+03  0.72429E-01  0.00000E+00 0.00000E+00  0.00011 0.00000 0.49994 0.49994
  0.24500E+03  0.72430E-01  0.00000E+00 0.00000E+00  0.00009 0.00000 0.49996 0.49996
  0.25500E+03  0.72432E-01  0.00000E+00 0.00000E+00  0.00006 0.00000 0.49997 0.49997
  0.26500E+03  0.72434E-01  0.00000E+00 0.00000E+00  0.00000 0.00000 0.50000 0.50000
  0.27500E+03  0.72435E-01  0.00000E+00 0.00000E+00  0.00000 0.00000 0.50000 0.50000
  0.28500E+03  0.72435E-01  0.00000E+00 0.00000E+00  0.00000 0.00000 0.50000 0.50000
  0.29500E+03  0.72435E-01  0.00000E+00 0.00000E+00  0.00000 0.00000 0.50000 0.50000
  0.30500E+03  0.72435E-01  0.00000E+00 0.00000E+00  0.00000 0.00000 0.50000 0.50000
  0.31500E+03  0.72435E-01  0.00000E+00 0.00000E+00  0.00000 0.00000 0.50000 0.50000
  0.32500E+03  0.72435E-01  0.00000E+00 0.00000E+00  0.00000 0.00000 0.50000 0.50000
  0.33500E+03  0.72435E-01  0.00000E+00 0.00000E+00  0.00000 0.00000 0.50000 0.50000
  0.34500E+03  0.72435E-01  0.00000E+00 0.00000E+00  0.00000 0.00000 0.50000 0.50000
  0.35500E+03  0.72435E-01  0.00000E+00 0.00000E+00  0.00000 0.00000 0.50000 0.50000
  0.36500E+03  0.72435E-01  0.00000E+00 0.00000E+00  0.00000 0.00000 0.50000 0.50000
  0.37500E+03  0.72435E-01  0.00000E+00 0.00000E+00  0.00000 0.00000 0.50000 0.50000
  0.38500E+03  0.72435E-01  0.00000E+00 0.00000E+00  0.00000 0.00000 0.50000 0.50000
  0.39500E+03  0.72435E-01  0.00000E+00 0.00000E+00  0.00000 0.00000 0.50000 0.50000
  0.40500E+03  0.72435E-01  0.00000E+00 0.00000E+00  0.00000 0.00000 0.50000 0.50000
  0.41500E+03  0.72435E-01  0.00000E+00 0.00000E+00  0.00000 0.00000 0.50000 0.50000
  0.42500E+03  0.72435E-01  0.00000E+00 0.00000E+00  0.00000 0.00000 0.50000 0.50000
  0.43500E+03  0.72435E-01  0.00000E+00 0.00000E+00  0.00000 0.00000 0.50000 0.50000
  0.44500E+03  0.72435E-01  0.00000E+00 0.00000E+00  0.00000 0.00000 0.50000 0.50000
  0.45500E+03  0.72435E-01  0.00000E+00 0.00000E+00  0.00000 0.00000 0.50000 0.50000
  0.46500E+03  0.72435E-01  0.00000E+00 0.00000E+00  0.00000 0.00000 0.50000 0.50000
  0.47500E+03  0.72435E-01  0.00000E+00 0.00000E+00  0.00000 0.00000 0.50000 0.50000
  0.48500E+03  0.72435E-01  0.00000E+00 0.00000E+00  0.00000 0.00000 0.50000 0.50000
  0.49500E+03  0.72435E-01  0.00000E+00 0.00000E+00  0.00000 0.00000 0.50000 0.50000
  0.50500E+03  0.72435E-01  0.00000E+00 0.00000E+00  0.00000 0.00000 0.50000 0.50000
  0.51500E+03  0.72435E-01  0.00000E+00 0.00000E+00  0.00000 0.00000 0.50000 0.50000
  0.52500E+03  0.72435E-01  0.00000E+00 0.00000E+00  0.00000 0.00000 0.50000 0.50000
  0.53500E+03  0.72435E-01  0.00000E+00 0.00000E+00  0.00000 0.00000 0.50000 0.50000
  0.54500E+03  0.72435E-01  0.00000E+00 0.00000E+00  0.00000 0.00000 0.50000 0.50000
  0.55500E+03  0.72435E-01  0.00000E+00 0.00000E+00  0.00000 0.00000 0.50000 0.50000
  0.56500E+03  0.72435E-01  0.00000E+00 0.00000E+00  0.00000 0.00000 0.50000 0.50000
  0.57500E+03  0.72435E-01  0.00000E+00 0.00000E+00  0.00000 0.00000 0.50000 0.50000
  0.58500E+03  0.72435E-01  0.00000E+00 0.00000E+00  0.00000 0.00000 0.50000 0.50000
  0.59500E+03  0.72435E-01  0.00000E+00 0.00000E+00  0.00000 0.00000 0.50000 0.50000
  0.60500E+03  0.72435E-01  0.00000E+00 0.00000E+00  0.00000 0.00000 0.50000 0.50000
  0.61500E+03  0.72435E-01  0.00000E+00 0.00000E+00  0.00000 0.00000 0.50000 0.50000
  0.62500E+03  0.72435E-01  0.00000E+00 0.00000E+00  0.00000 0.00000 0.50000 0.50000
  0.63500E+03  0.72435E-01  0.00000E+00 0.00000E+00  0.00000 0.00000 0.50000 0.50000
  0.64500E+03  0.72435E-01  0.00000E+00 0.00000E+00  0.00000 0.00000 0.50000 0.50000
  0.65500E+03  0.72435E-01  0.00000E+00 0.00000E+00  0.00000 0.00000 0.50000 0.50000
  0.66500E+03  0.72435E-01  0.00000E+00 0.00000E+00  0.00000 0.00000 0.50000 0.50000
  0.67500E+03  0.72435E-01  0.00000E+00 0.00000E+00  0.00000 0.00000 0.50000 0.50000
  0.68500E+03  0.72435E-01  0.00000E+00 0.00000E+00  0.00000 0.00000 0.50000 0.50000
  0.69500E+03  0.72435E-01  0.00000E+00 0.00000E+00  0.00000 0.00000 0.50000 0.50000
  0.70500E+03  0.72435E-01  0.00000E+00 0.00000E+00  0.00000 0.00000 0.50000 0.50000
  0.71500E+03  0.72435E-01  0.00000E+00 0.00000E+00  0.00000 0.00000 0.50000 0.50000
  0.72500E+03  0.72435E-01  0.00000E+00 0.00000E+00  0.00000 0.00000 0.50000 0.50000
  0.73500E+03  0.72435E-01  0.00000E+00 0.00000E+00  0.00000 0.00000 0.50000 0.50000
  0.74500E+03  0.72435E-01  0.00000E+00 0.00000E+00  0.00000 0.00000 0.50000 0.50000
  0.75500E+03  0.72435E-01  0.00000E+00 0.00000E+00  0.00000 0.00000 0.50000 0.50000
  0.76500E+03  0.72435E-01  0.00000E+00 0.00000E+00  0.00000 0.00000 0.50000 0.50000
  0.77500E+03  0.72435E-01  0.00000E+00 0.00000E+00  0.00000 0.00000 0.50000 0.50000
  0.78500E+03  0.72435E-01  0.00000E+00 0.00000E+00  0.00000 0.00000 0.50000 0.50000
  0.79500E+03  0.72435E-01  0.00000E+00 0.00000E+00  0.00000 0.00000 0.50000 0.50000
  0.80500E+03  0.72435E-01  0.00000E+00 0.00000E+00  0.00000 0.00000 0.50000 0.50000
  0.81500E+03  0.72435E-01  0.00000E+00 0.00000E+00  0.00000 0.00000 0.50000 0.50000
  0.82500E+03  0.72435E-01  0.00000E+00 0.00000E+00  0.00000 0.00000 0.50000 0.50000
  0.83500E+03  0.72435E-01  0.00000E+00 0.00000E+00  0.00000 0.00000 0.50000 0.50000
  0.84500E+03  0.72435E-01  0.00000E+00 0.00000E+00  0.00000 0.00000 0.50000 0.50000
  0.85500E+03  0.72435E-01  0.00000E+00 0.00000E+00  0.00000 0.00000 0.50000 0.50000
  0.86500E+03  0.72435E-01  0.00000E+00 0.00000E+00  0.00000 0.00000 0.50000 0.50000
  0.87500E+03  0.72435E-01  0.00000E+00 0.00000E+00  0.00000 0.00000 0.50000 0.50000
  0.88500E+03  0.72435E-01  0.00000E+00 0.00000E+00  0.00000 0.00000 0.50000 0.50000
  0.89500E+03  0.72435E-01  0.00000E+00 0.00000E+00  0.00000 0.00000 0.50000 0.50000
  0.90500E+03  0.72435E-01  0.00000E+00 0.00000E+00  0.00000 0.00000 0.50000 0.50000
  0.91500E+03  0.72435E-01  0.00000E+00 0.00000E+00  0.00000 0.00000 0.50000 0.50000
  0.92500E+03  0.72435E-01  0.00000E+00 0.00000E+00  0.00000 0.00000 0.50000 0.50000
  0.93500E+03  0.72435E-01  0.00000E+00 0.00000E+00  0.00000 0.00000 0.50000 0.50000
  0.94500E+03  0.72435E-01  0.00000E+00 0.00000E+00  0.00000 0.00000 0.50000 0.50000
  0.95500E+03  0.72435E-01  0.00000E+00 0.00000E+00  0.00000 0.00000 0.50000 0.50000
  0.96500E+03  0.72435E-01  0.00000E+00 0.00000E+00  0.00000 0.00000 0.50000 0.50000
  0.97500E+03  0.72435E-01  0.00000E+00 0.00000E+00  0.00000 0.00000 0.50000 0.50000
  0.98500E+03  0.72435E-01  0.00000E+00 0.00000E+00  0.00000 0.00000 0.50000 0.50000
  0.99500E+03  0.72435E-01  0.00000E+00 0.00000E+00  0.00000 0.00000 0.50000 0.50000
  0.10050E+04  0.83733E-01  0.00000E+00 0.00000E+00  0.00000 0.00000 0.96171 0.03829
  0.10150E+04  0.84830E-01  0.00000E+00 0.00000E+00  0.00000 0.00000 1.00000 0.00000
  0.10250E+04  0.84830E-01  0.00000E+00 0.00000E+00  0.00000 0.00000 1.00000 0.00000
  0.10350E+04  0.84830E-01  0.00000E+00 0.00000E+00  0.00000 0.00000 1.00000 0.00000
  0.10450E+04  0.84830E-01  0.00000E+00 0.00000E+00  0.00000 0.00000 1.00000 0.00000
  0.10550E+04  0.84830E-01  0.00000E+00 0.00000E+00  0.00000 0.00000 1.00000 0.00000
  0.10650E+04  0.84830E-01  0.00000E+00 0.00000E+00  0.00000 0.00000 1.00000 0.00000
  0.10750E+04  0.84830E-01  0.00000E+00 0.00000E+00  0.00000 0.00000 1.00000 0.00000
  0.10850E+04  0.84830E-01  0.00000E+00 0.00000E+00  0.00000 0.00000 1.00000 0.00000
  0.10950E+04  0.84830E-01  0.00000E+00 0.00000E+00  0.00000 0.00000 1.00000 0.00000
  0.11050E+04  0.84830E-01  0.00000E+00 0.00000E+00  0.00000 0.00000 1.00000 0.00000
  0.11150E+04  0.84830E-01  0.00000E+00 0.00000E+00  0.00000 0.00000 1.00000 0.00000
  0.11250E+04  0.84830E-01  0.00000E+00 0.00000E+00  0.00000 0.00000 1.00000 0.00000
  0.11350E+04  0.84830E-01  0.00000E+00 0.00000E+00  0.00000 0.00000 1.00000 0.00000
  0.11450E+04  0.84830E-01  0.00000E+00 0.00000E+00  0.00000 0.00000 1.00000 0.00000
  0.11550E+04  0.84830E-01  0.00000E+00 0.00000E+00  0.00000 0.00000 1.00000 0.00000
  0.11650E+04  0.84830E-01  0.00000E+00 0.00000E+00  0.00000 0.00000 1.00000 0.00000
  0.11750E+04  0.84830E-01  0.00000E+00 0.00000E+00  0.00000 0.00000 1.00000 0.00000
  0.11850E+04  0.84830E-01  0.00000E+00 0.00000E+00  0.00000 0.00000 1.00000 0.00000
  0.11950E+04  0.84830E-01  0.00000E+00 0.00000E+00  0.00000 0.00000 1.00000 0.00000
  0.12050E+04  0.84830E-01  0.00000E+00 0.00000E+00  0.00000 0.00000 1.00000 0.00000
  0.12150E+04  0.84830E-01  0.00000E+00 0.00000E+00  0.00000 0.00000 1.00000 0.00000
  0.12250E+04  0.84830E-01  0.00000E+00 0.00000E+00  0.00000 0.00000 1.00000 0.00000
  0.12350E+04  0.84830E-01  0.00000E+00 0.00000E+00  0.00000 0.00000 1.00000 0.00000
  0.12450E+04  0.84830E-01  0.00000E+00 0.00000E+00  0.00000 0.00000 1.00000 0.00000
  0.12550E+04  0.84830E-01  0.00000E+00 0.00000E+00  0.00000 0.00000 1.00000 0.00000
  0.12650E+04  0.84830E-01  0.00000E+00 0.00000E+00  0.00000 0.00000 1.00000 0.00000
  0.12750E+04  0.84830E-01  0.00000E+00 0.00000E+00  0.00000 0.00000 1.00000 0.00000
  0.12850E+04  0.84830E-01  0.00000E+00 0.00000E+00  0.00000 0.00000 1.00000 0.00000
  0.12950E+04  0.84830E-01  0.00000E+00 0.00000E+00  0.00000 0.00000 1.00000 0.00000
  0.13050E+04  0.84830E-01  0.00000E+00 0.00000E+00  0.00000 0.00000 1.00000 0.00000
  0.13150E+04  0.84830E-01  0.00000E+00 0.00000E+00  0.00000 0.00000 1.00000 0.00000
  0.13250E+04  0.84830E-01  0.00000E+00 0.00000E+00  0.00000 0.00000 1.00000 0.00000
  0.13350E+04  0.84830E-01  0.00000E+00 0.00000E+00  0.00000 0.00000 1.00000 0.00000
  0.13450E+04  0.84830E-01  0.00000E+00 0.00000E+00  0.00000 0.00000 1.00000 0.00000
  0.13550E+04  0.84830E-01  0.00000E+00 0.00000E+00  0.00000 0.00000 1.00000 0.00000
  0.13650E+04  0.84830E-01  0.00000E+00 0.00000E+00  0.00000 0.00000 1.00000 0.00000
  0.13750E+04  0.84830E-01  0.00000E+00 0.00000E+00  0.00000 0.00000 1.00000 0.00000
  0.13850E+04  0.84830E-01  0.00000E+00 0.00000E+00  0.00000 0.00000 1.00000 0.00000
  0.13950E+04  0.84830E-01  0.00000E+00 0.00000E+00  0.00000 0.00000 1.00000 0.00000
  0.14050E+04  0.84830E-01  0.00000E+00 0.00000E+00  0.00000 0.00000 1.00000 0.00000
  0.14150E+04  0.84830E-01  0.00000E+00 0.00000E+00  0.00000 0.00000 1.00000 0.00000
  0.14250E+04  0.84830E-01  0.00000E+00 0.00000E+00  0.00000 0.00000 1.00000 0.00000
  0.14350E+04  0.84830E-01  0.00000E+00 0.00000E+00  0.00000 0.00000 1.00000 0.00000
  0.14450E+04  0.84830E-01  0.00000E+00 0.00000E+00  0.00000 0.00000 1.00000 0.00000
  0.14550E+04  0.84830E-01  0.00000E+00 0.00000E+00  0.00000 0.00000 1.00000 0.00000
  0.14650E+04  0.84830E-01  0.00000E+00 0.00000E+00  0.00000 0.00000 1.00000 0.00000
  0.14750E+04  0.84830E-01  0.00000E+00 0.00000E+00  0.00000 0.00000 1.00000 0.00000
  0.14850E+04  0.84830E-01  0.00000E+00 0.00000E+00  0.00000 0.00000 1.00000 0.00000
  0.14950E+04  0.84830E-01  0.00000E+00 0.00000E+00  0.00000 0.00000 1.00000 0.00000
  0.15050E+04  0.84830E-01  0.00000E+00 0.00000E+00  0.00000 0.00000 1.00000 0.00000
  0.15150E+04  0.84830E-01  0.00000E+00 0.00000E+00  0.00000 0.00000 1.00000 0.00000
  0.15250E+04  0.84830E-01  0.00000E+00 0.00000E+00  0.00000 0.00000 1.00000 0.00000
  0.15350E+04  0.84830E-01  0.00000E+00 0.00000E+00  0.00000 0.00000 1.00000 0.00000
  0.15450E+04  0.84830E-01  0.00000E+00 0.00000E+00  0.00000 0.00000 1.00000 0.00000
  0.15550E+04  0.84830E-01  0.00000E+00 0.00000E+00  0.00000 0.00000 1.00000 0.00000
  0.15650E+04  0.84830E-01  0.00000E+00 0.00000E+00  0.00000 0.00000 1.00000 0.00000
  0.15750E+04  0.84830E-01  0.00000E+00 0.00000E+00  0.00000 0.00000 1.00000 0.00000
  0.15850E+04  0.84830E-01  0.00000E+00 0.00000E+00  0.00000 0.00000 1.00000 0.00000
  0.15950E+04  0.84830E-01  0.00000E+00 0.00000E+00  0.00000 0.00000 1.00000 0.00000
  0.16050E+04  0.84830E-01  0.00000E+00 0.00000E+00  0.00000 0.00000 1.00000 0.00000
  0.16150E+04  0.84830E-01  0.00000E+00 0.00000E+00  0.00000 0.00000 1.00000 0.00000
  0.16250E+04  0.84830E-01  0.00000E+00 0.00000E+00  0.00000 0.00000 1.00000 0.00000
  0.16350E+04  0.84830E-01  0.00000E+00 0.00000E+00  0.00000 0.00000 1.00000 0.00000
  0.16450E+04  0.84830E-01  0.00000E+00 0.00000E+00  0.00000 0.00000 1.00000 0.00000
  0.16550E+04  0.84830E-01  0.00000E+00 0.00000E+00  0.00000 0.00000 1.00000 0.00000
  0.16650E+04  0.84830E-01  0.00000E+00 0.00000E+00  0.00000 0.00000 1.00000 0.00000
  0.16750E+04  0.84830E-01  0.00000E+00 0.00000E+00  0.00000 0.00000 1.00000 0.00000
  0.16850E+04  0.84830E-01  0.00000E+00 0.00000E+00  0.00000 0.00000 1.00000 0.00000
  0.16950E+04  0.84830E-01  0.00000E+00 0.00000E+00  0.00000 0.00000 1.00000 0.00000
  0.17050E+04  0.84830E-01  0.00000E+00 0.00000E+00  0.00000 0.00000 1.00000 0.00000
  0.17150E+04  0.84830E-01  0.00000E+00 0.00000E+00  0.00000 0.00000 1.00000 0.00000
  0.17250E+04  0.84830E-01  0.00000E+00 0.00000E+00  0.00000 0.00000 1.00000 0.00000
  0.17350E+04  0.84830E-01  0.00000E+00 0.00000E+00  0.00000 0.00000 1.00000 0.00000
  0.17450E+04  0.84830E-01  0.00000E+00 0.00000E+00  0.00000 0.00000 1.00000 0.00000
  0.17550E+04  0.84830E-01  0.00000E+00 0.00000E+00  0.00000 0.00000 1.00000 0.00000
  0.17650E+04  0.84830E-01  0.00000E+00 0.00000E+00  0.00000 0.00000 1.00000 0.00000
  0.17750E+04  0.84830E-01  0.00000E+00 0.00000E+00  0.00000 0.00000 1.00000 0.00000
  0.17850E+04  0.84830E-01  0.00000E+00 0.00000E+00  0.00000 0.00000 1.00000 0.00000
  0.17950E+04  0.84830E-01  0.00000E+00 0.00000E+00  0.00000 0.00000 1.00000 0.00000
  0.18050E+04  0.84830E-01  0.00000E+00 0.00000E+00  0.00000 0.00000 1.00000 0.00000
  0.18150E+04  0.84830E-01  0.00000E+00 0.00000E+00  0.00000 0.00000 1.00000 0.00000
  0.18250E+04  0.84830E-01  0.00000E+00 0.00000E+00  0.00000 0.00000 1.00000 0.00000
  0.18350E+04  0.84830E-01  0.00000E+00 0.00000E+00  0.00000 0.00000 1.00000 0.00000
  0.18450E+04  0.84830E-01  0.00000E+00 0.00000E+00  0.00000 0.00000 1.00000 0.00000
  0.18550E+04  0.84830E-01  0.00000E+00 0.00000E+00  0.00000 0.00000 1.00000 0.00000
  0.18650E+04  0.84830E-01  0.00000E+00 0.00000E+00  0.00000 0.00000 1.00000 0.00000
  0.18750E+04  0.84830E-01  0.00000E+00 0.00000E+00  0.00000 0.00000 1.00000 0.00000
  0.18850E+04  0.84830E-01  0.00000E+00 0.00000E+00  0.00000 0.00000 1.00000 0.00000
  0.18950E+04  0.84830E-01  0.00000E+00 0.00000E+00  0.00000 0.00000 1.00000 0.00000
  0.19050E+04  0.84830E-01  0.00000E+00 0.00000E+00  0.00000 0.00000 1.00000 0.00000
  0.19150E+04  0.84830E-01  0.00000E+00 0.00000E+00  0.00000 0.00000 1.00000 0.00000
  0.19250E+04  0.84830E-01  0.00000E+00 0.00000E+00  0.00000 0.00000 1.00000 0.00000
  0.19350E+04  0.84830E-01  0.00000E+00 0.00000E+00  0.00000 0.00000 1.00000 0.00000
  0.19450E+04  0.84830E-01  0.00000E+00 0.00000E+00  0.00000 0.00000 1.00000 0.00000
  0.19550E+04  0.84830E-01  0.00000E+00 0.00000E+00  0.00000 0.00000 1.00000 0.00000
  0.19650E+04  0.84830E-01  0.00000E+00 0.00000E+00  0.00000 0.00000 1.00000 0.00000
  0.19750E+04  0.84830E-01  0.00000E+00 0.00000E+00  0.00000 0.00000 1.00000 0.00000
  0.19850E+04  0.84830E-01  0.00000E+00 0.00000E+00  0.00000 0.00000 1.00000 0.00000
  0.19950E+04  0.84830E-01  0.00000E+00 0.00000E+00  0.00000 0.00000 1.00000 0.00000
