  0.573666E+00 F
   0.9046E-01   0.8954E-01
   0.0000E+00   0.0000E+00   0.0000E+00   0.0000E+00
  depth        at.density   interstit.  vacancies    atomic fractions of components
  Angs         Angs^-3      dpa         dpa
  0.50000E+01  0.68174E-01  0.15244E+01 0.17903E+01  0.00085 0.02757 0.45424 0.51735
  0.15000E+02  0.69472E-01  0.67656E+00 0.57468E+00  0.00190 0.02148 0.48740 0.48921
  0.25000E+02  0.71961E-01  0.83454E-01 0.65359E-01  0.00190 0.00298 0.49906 0.49606
  0.35000E+02  0.72274E-01  0.16824E-01 0.15213E-01  0.00281 0.00016 0.49864 0.49839
  0.45000E+02  0.72276E-01  0.10424E-01 0.10177E-01  0.00322 0.00000 0.49855 0.49823
  0.55000E+02  0.72244E-01  0.82803E-02 0.83628E-02  0.00374 0.00000 0.49799 0.49827
  0.65000E+02  0.72220E-01  0.68779E-02 0.67687E-02  0.00431 0.00000 0.49795 0.49773
  0.75000E+02  0.72269E-01  0.47030E-02 0.46201E-02  0.00331 0.00000 0.49837 0.49831
  0.85000E+02  0.72284E-01  0.37869E-02 0.37855E-02  0.00301 0.00000 0.49850 0.49850
  0.95000E+02  0.72262E-01  0.24246E-02 0.24515E-02  0.00343 0.00000 0.49829 0.49829
  0.10500E+03  0.72281E-01  0.16726E-02 0.17536E-02  0.00304 0.00000 0.49845 0.49851
  0.11500E+03  0.72306E-01  0.11731E-02 0.11226E-02  0.00258 0.00000 0.49874 0.49869
  0.12500E+03  0.72308E-01  0.10241E-02 0.91606E-03  0.00253 0.00000 0.49876 0.49871
  0.13500E+03  0.72331E-01  0.46515E-03 0.48693E-03  0.00206 0.00000 0.49896 0.49898
  0.14500E+03  0.72358E-01  0.33584E-03 0.33709E-03  0.00151 0.00000 0.49924 0.49924
  0.15500E+03  0.72372E-01  0.35715E-03 0.27839E-03  0.00125 0.00000 0.49940 0.49935
  0.16500E+03  0.72365E-01  0.14893E-03 0.17097E-03  0.00137 0.00000 0.49930 0.49933
  0.17500E+03  0.72389E-01  0.11179E-03 0.87091E-04  0.00091 0.00000 0.49956 0.49953
  0.18500E+03  0.72392E-01  0.59532E-05 0.44649E-05  0.00086 0.00000 0.49957 0.49957
  0.19500E+03  0.72410E-01  0.26069E-04 0.26069E-04  0.00049 0.00000 0.49975 0.49975
  0.20500E+03  0.72418E-01  0.15509E-05 0.15509E-05  0.00034 0.00000 0.49983 0.49983
  0.21500E+03  0.72429E-01  0.26041E-04 0.26041E-04  0.00012 0.00000 0.49994 0.49994
  0.22500E+03  0.72429E-01  0.15722E-05 0.15722E-05  0.00011 0.00000 0.49994 0.49994
  0.23500E+03  0.72430E-01  0.00000E+00 0.00000E+00  0.00008 0.00000 0.49996 0.49996
  0.24500E+03  0.72433E-01  0.00000E+00 0.00000E+00  0.00003 0.00000 0.49998 0.49998
  0.25500E+03  0.72433E-01  0.00000E+00 0.00000E+00  0.00003 0.00000 0.49999 0.49999
  0.26500E+03  0.72435E-01  0.00000E+00 0.00000E+00  0.00000 0.00000 0.50000 0.50000
  0.27500E+03  0.72435E-01  0.00000E+00 0.00000E+00  0.00000 0.00000 0.50000 0.50000
  0.28500E+03  0.72435E-01  0.00000E+00 0.00000E+00  0.00000 0.00000 0.50000 0.50000
  0.29500E+03  0.72435E-01  0.00000E+00 0.00000E+00  0.00000 0.00000 0.50000 0.50000
  0.30500E+03  0.72435E-01  0.00000E+00 0.00000E+00  0.00000 0.00000 0.50000 0.50000
  0.31500E+03  0.72435E-01  0.00000E+00 0.00000E+00  0.00000 0.00000 0.50000 0.50000
  0.32500E+03  0.72435E-01  0.00000E+00 0.00000E+00  0.00000 0.00000 0.50000 0.50000
  0.33500E+03  0.72435E-01  0.00000E+00 0.00000E+00  0.00000 0.00000 0.50000 0.50000
  0.34500E+03  0.72435E-01  0.00000E+00 0.00000E+00  0.00000 0.00000 0.50000 0.50000
  0.35500E+03  0.72435E-01  0.00000E+00 0.00000E+00  0.00000 0.00000 0.50000 0.50000
  0.36500E+03  0.72435E-01  0.00000E+00 0.00000E+00  0.00000 0.00000 0.50000 0.50000
  0.37500E+03  0.72435E-01  0.00000E+00 0.00000E+00  0.00000 0.00000 0.50000 0.50000
  0.38500E+03  0.72435E-01  0.00000E+00 0.00000E+00  0.00000 0.00000 0.50000 0.50000
  0.39500E+03  0.72435E-01  0.00000E+00 0.00000E+00  0.00000 0.00000 0.50000 0.50000
  0.40500E+03  0.72435E-01  0.00000E+00 0.00000E+00  0.00000 0.00000 0.50000 0.50000
  0.41500E+03  0.72435E-01  0.00000E+00 0.00000E+00  0.00000 0.00000 0.50000 0.50000
  0.42500E+03  0.72435E-01  0.00000E+00 0.00000E+00  0.00000 0.00000 0.50000 0.50000
  0.43500E+03  0.72435E-01  0.00000E+00 0.00000E+00  0.00000 0.00000 0.50000 0.50000
  0.44500E+03  0.72435E-01  0.00000E+00 0.00000E+00  0.00000 0.00000 0.50000 0.50000
  0.45500E+03  0.72435E-01  0.00000E+00 0.00000E+00  0.00000 0.00000 0.50000 0.50000
  0.46500E+03  0.72435E-01  0.00000E+00 0.00000E+00  0.00000 0.00000 0.50000 0.50000
  0.47500E+03  0.72435E-01  0.00000E+00 0.00000E+00  0.00000 0.00000 0.50000 0.50000
  0.48500E+03  0.72435E-01  0.00000E+00 0.00000E+00  0.00000 0.00000 0.50000 0.50000
  0.49500E+03  0.72435E-01  0.00000E+00 0.00000E+00  0.00000 0.00000 0.50000 0.50000
  0.50500E+03  0.72435E-01  0.00000E+00 0.00000E+00  0.00000 0.00000 0.50000 0.50000
  0.51500E+03  0.72435E-01  0.00000E+00 0.00000E+00  0.00000 0.00000 0.50000 0.50000
  0.52500E+03  0.72435E-01  0.00000E+00 0.00000E+00  0.00000 0.00000 0.50000 0.50000
  0.53500E+03  0.72435E-01  0.00000E+00 0.00000E+00  0.00000 0.00000 0.50000 0.50000
  0.54500E+03  0.72435E-01  0.00000E+00 0.00000E+00  0.00000 0.00000 0.50000 0.50000
  0.55500E+03  0.72435E-01  0.00000E+00 0.00000E+00  0.00000 0.00000 0.50000 0.50000
  0.56500E+03  0.72435E-01  0.00000E+00 0.00000E+00  0.00000 0.00000 0.50000 0.50000
  0.57500E+03  0.72435E-01  0.00000E+00 0.00000E+00  0.00000 0.00000 0.50000 0.50000
  0.58500E+03  0.72435E-01  0.00000E+00 0.00000E+00  0.00000 0.00000 0.50000 0.50000
  0.59500E+03  0.72435E-01  0.00000E+00 0.00000E+00  0.00000 0.00000 0.50000 0.50000
  0.60500E+03  0.72435E-01  0.00000E+00 0.00000E+00  0.00000 0.00000 0.50000 0.50000
  0.61500E+03  0.72435E-01  0.00000E+00 0.00000E+00  0.00000 0.00000 0.50000 0.50000
  0.62500E+03  0.72435E-01  0.00000E+00 0.00000E+00  0.00000 0.00000 0.50000 0.50000
  0.63500E+03  0.72435E-01  0.00000E+00 0.00000E+00  0.00000 0.00000 0.50000 0.50000
  0.64500E+03  0.72435E-01  0.00000E+00 0.00000E+00  0.00000 0.00000 0.50000 0.50000
  0.65500E+03  0.72435E-01  0.00000E+00 0.00000E+00  0.00000 0.00000 0.50000 0.50000
  0.66500E+03  0.72435E-01  0.00000E+00 0.00000E+00  0.00000 0.00000 0.50000 0.50000
  0.67500E+03  0.72435E-01  0.00000E+00 0.00000E+00  0.00000 0.00000 0.50000 0.50000
  0.68500E+03  0.72435E-01  0.00000E+00 0.00000E+00  0.00000 0.00000 0.50000 0.50000
  0.69500E+03  0.72435E-01  0.00000E+00 0.00000E+00  0.00000 0.00000 0.50000 0.50000
  0.70500E+03  0.72435E-01  0.00000E+00 0.00000E+00  0.00000 0.00000 0.50000 0.50000
  0.71500E+03  0.72435E-01  0.00000E+00 0.00000E+00  0.00000 0.00000 0.50000 0.50000
  0.72500E+03  0.72435E-01  0.00000E+00 0.00000E+00  0.00000 0.00000 0.50000 0.50000
  0.73500E+03  0.72435E-01  0.00000E+00 0.00000E+00  0.00000 0.00000 0.50000 0.50000
  0.74500E+03  0.72435E-01  0.00000E+00 0.00000E+00  0.00000 0.00000 0.50000 0.50000
  0.75500E+03  0.72435E-01  0.00000E+00 0.00000E+00  0.00000 0.00000 0.50000 0.50000
  0.76500E+03  0.72435E-01  0.00000E+00 0.00000E+00  0.00000 0.00000 0.50000 0.50000
  0.77500E+03  0.72435E-01  0.00000E+00 0.00000E+00  0.00000 0.00000 0.50000 0.50000
  0.78500E+03  0.72435E-01  0.00000E+00 0.00000E+00  0.00000 0.00000 0.50000 0.50000
  0.79500E+03  0.72435E-01  0.00000E+00 0.00000E+00  0.00000 0.00000 0.50000 0.50000
  0.80500E+03  0.72435E-01  0.00000E+00 0.00000E+00  0.00000 0.00000 0.50000 0.50000
  0.81500E+03  0.72435E-01  0.00000E+00 0.00000E+00  0.00000 0.00000 0.50000 0.50000
  0.82500E+03  0.72435E-01  0.00000E+00 0.00000E+00  0.00000 0.00000 0.50000 0.50000
  0.83500E+03  0.72435E-01  0.00000E+00 0.00000E+00  0.00000 0.00000 0.50000 0.50000
  0.84500E+03  0.72435E-01  0.00000E+00 0.00000E+00  0.00000 0.00000 0.50000 0.50000
  0.85500E+03  0.72435E-01  0.00000E+00 0.00000E+00  0.00000 0.00000 0.50000 0.50000
  0.86500E+03  0.72435E-01  0.00000E+00 0.00000E+00  0.00000 0.00000 0.50000 0.50000
  0.87500E+03  0.72435E-01  0.00000E+00 0.00000E+00  0.00000 0.00000 0.50000 0.50000
  0.88500E+03  0.72435E-01  0.00000E+00 0.00000E+00  0.00000 0.00000 0.50000 0.50000
  0.89500E+03  0.72435E-01  0.00000E+00 0.00000E+00  0.00000 0.00000 0.50000 0.50000
  0.90500E+03  0.72435E-01  0.00000E+00 0.00000E+00  0.00000 0.00000 0.50000 0.50000
  0.91500E+03  0.72435E-01  0.00000E+00 0.00000E+00  0.00000 0.00000 0.50000 0.50000
  0.92500E+03  0.72435E-01  0.00000E+00 0.00000E+00  0.00000 0.00000 0.50000 0.50000
  0.93500E+03  0.72435E-01  0.00000E+00 0.00000E+00  0.00000 0.00000 0.50000 0.50000
  0.94500E+03  0.72435E-01  0.00000E+00 0.00000E+00  0.00000 0.00000 0.50000 0.50000
  0.95500E+03  0.72435E-01  0.00000E+00 0.00000E+00  0.00000 0.00000 0.50000 0.50000
  0.96500E+03  0.72435E-01  0.00000E+00 0.00000E+00  0.00000 0.00000 0.50000 0.50000
  0.97500E+03  0.72435E-01  0.00000E+00 0.00000E+00  0.00000 0.00000 0.50000 0.50000
  0.98500E+03  0.72435E-01  0.00000E+00 0.00000E+00  0.00000 0.00000 0.50000 0.50000
  0.99500E+03  0.72435E-01  0.00000E+00 0.00000E+00  0.00000 0.00000 0.50000 0.50000
  0.10050E+04  0.84119E-01  0.00000E+00 0.00000E+00  0.00000 0.00000 0.97530 0.02470
  0.10150E+04  0.84830E-01  0.00000E+00 0.00000E+00  0.00000 0.00000 1.00000 0.00000
  0.10250E+04  0.84830E-01  0.00000E+00 0.00000E+00  0.00000 0.00000 1.00000 0.00000
  0.10350E+04  0.84830E-01  0.00000E+00 0.00000E+00  0.00000 0.00000 1.00000 0.00000
  0.10450E+04  0.84830E-01  0.00000E+00 0.00000E+00  0.00000 0.00000 1.00000 0.00000
  0.10550E+04  0.84830E-01  0.00000E+00 0.00000E+00  0.00000 0.00000 1.00000 0.00000
  0.10650E+04  0.84830E-01  0.00000E+00 0.00000E+00  0.00000 0.00000 1.00000 0.00000
  0.10750E+04  0.84830E-01  0.00000E+00 0.00000E+00  0.00000 0.00000 1.00000 0.00000
  0.10850E+04  0.84830E-01  0.00000E+00 0.00000E+00  0.00000 0.00000 1.00000 0.00000
  0.10950E+04  0.84830E-01  0.00000E+00 0.00000E+00  0.00000 0.00000 1.00000 0.00000
  0.11050E+04  0.84830E-01  0.00000E+00 0.00000E+00  0.00000 0.00000 1.00000 0.00000
  0.11150E+04  0.84830E-01  0.00000E+00 0.00000E+00  0.00000 0.00000 1.00000 0.00000
  0.11250E+04  0.84830E-01  0.00000E+00 0.00000E+00  0.00000 0.00000 1.00000 0.00000
  0.11350E+04  0.84830E-01  0.00000E+00 0.00000E+00  0.00000 0.00000 1.00000 0.00000
  0.11450E+04  0.84830E-01  0.00000E+00 0.00000E+00  0.00000 0.00000 1.00000 0.00000
  0.11550E+04  0.84830E-01  0.00000E+00 0.00000E+00  0.00000 0.00000 1.00000 0.00000
  0.11650E+04  0.84830E-01  0.00000E+00 0.00000E+00  0.00000 0.00000 1.00000 0.00000
  0.11750E+04  0.84830E-01  0.00000E+00 0.00000E+00  0.00000 0.00000 1.00000 0.00000
  0.11850E+04  0.84830E-01  0.00000E+00 0.00000E+00  0.00000 0.00000 1.00000 0.00000
  0.11950E+04  0.84830E-01  0.00000E+00 0.00000E+00  0.00000 0.00000 1.00000 0.00000
  0.12050E+04  0.84830E-01  0.00000E+00 0.00000E+00  0.00000 0.00000 1.00000 0.00000
  0.12150E+04  0.84830E-01  0.00000E+00 0.00000E+00  0.00000 0.00000 1.00000 0.00000
  0.12250E+04  0.84830E-01  0.00000E+00 0.00000E+00  0.00000 0.00000 1.00000 0.00000
  0.12350E+04  0.84830E-01  0.00000E+00 0.00000E+00  0.00000 0.00000 1.00000 0.00000
  0.12450E+04  0.84830E-01  0.00000E+00 0.00000E+00  0.00000 0.00000 1.00000 0.00000
  0.12550E+04  0.84830E-01  0.00000E+00 0.00000E+00  0.00000 0.00000 1.00000 0.00000
  0.12650E+04  0.84830E-01  0.00000E+00 0.00000E+00  0.00000 0.00000 1.00000 0.00000
  0.12750E+04  0.84830E-01  0.00000E+00 0.00000E+00  0.00000 0.00000 1.00000 0.00000
  0.12850E+04  0.84830E-01  0.00000E+00 0.00000E+00  0.00000 0.00000 1.00000 0.00000
  0.12950E+04  0.84830E-01  0.00000E+00 0.00000E+00  0.00000 0.00000 1.00000 0.00000
  0.13050E+04  0.84830E-01  0.00000E+00 0.00000E+00  0.00000 0.00000 1.00000 0.00000
  0.13150E+04  0.84830E-01  0.00000E+00 0.00000E+00  0.00000 0.00000 1.00000 0.00000
  0.13250E+04  0.84830E-01  0.00000E+00 0.00000E+00  0.00000 0.00000 1.00000 0.00000
  0.13350E+04  0.84830E-01  0.00000E+00 0.00000E+00  0.00000 0.00000 1.00000 0.00000
  0.13450E+04  0.84830E-01  0.00000E+00 0.00000E+00  0.00000 0.00000 1.00000 0.00000
  0.13550E+04  0.84830E-01  0.00000E+00 0.00000E+00  0.00000 0.00000 1.00000 0.00000
  0.13650E+04  0.84830E-01  0.00000E+00 0.00000E+00  0.00000 0.00000 1.00000 0.00000
  0.13750E+04  0.84830E-01  0.00000E+00 0.00000E+00  0.00000 0.00000 1.00000 0.00000
  0.13850E+04  0.84830E-01  0.00000E+00 0.00000E+00  0.00000 0.00000 1.00000 0.00000
  0.13950E+04  0.84830E-01  0.00000E+00 0.00000E+00  0.00000 0.00000 1.00000 0.00000
  0.14050E+04  0.84830E-01  0.00000E+00 0.00000E+00  0.00000 0.00000 1.00000 0.00000
  0.14150E+04  0.84830E-01  0.00000E+00 0.00000E+00  0.00000 0.00000 1.00000 0.00000
  0.14250E+04  0.84830E-01  0.00000E+00 0.00000E+00  0.00000 0.00000 1.00000 0.00000
  0.14350E+04  0.84830E-01  0.00000E+00 0.00000E+00  0.00000 0.00000 1.00000 0.00000
  0.14450E+04  0.84830E-01  0.00000E+00 0.00000E+00  0.00000 0.00000 1.00000 0.00000
  0.14550E+04  0.84830E-01  0.00000E+00 0.00000E+00  0.00000 0.00000 1.00000 0.00000
  0.14650E+04  0.84830E-01  0.00000E+00 0.00000E+00  0.00000 0.00000 1.00000 0.00000
  0.14750E+04  0.84830E-01  0.00000E+00 0.00000E+00  0.00000 0.00000 1.00000 0.00000
  0.14850E+04  0.84830E-01  0.00000E+00 0.00000E+00  0.00000 0.00000 1.00000 0.00000
  0.14950E+04  0.84830E-01  0.00000E+00 0.00000E+00  0.00000 0.00000 1.00000 0.00000
  0.15050E+04  0.84830E-01  0.00000E+00 0.00000E+00  0.00000 0.00000 1.00000 0.00000
  0.15150E+04  0.84830E-01  0.00000E+00 0.00000E+00  0.00000 0.00000 1.00000 0.00000
  0.15250E+04  0.84830E-01  0.00000E+00 0.00000E+00  0.00000 0.00000 1.00000 0.00000
  0.15350E+04  0.84830E-01  0.00000E+00 0.00000E+00  0.00000 0.00000 1.00000 0.00000
  0.15450E+04  0.84830E-01  0.00000E+00 0.00000E+00  0.00000 0.00000 1.00000 0.00000
  0.15550E+04  0.84830E-01  0.00000E+00 0.00000E+00  0.00000 0.00000 1.00000 0.00000
  0.15650E+04  0.84830E-01  0.00000E+00 0.00000E+00  0.00000 0.00000 1.00000 0.00000
  0.15750E+04  0.84830E-01  0.00000E+00 0.00000E+00  0.00000 0.00000 1.00000 0.00000
  0.15850E+04  0.84830E-01  0.00000E+00 0.00000E+00  0.00000 0.00000 1.00000 0.00000
  0.15950E+04  0.84830E-01  0.00000E+00 0.00000E+00  0.00000 0.00000 1.00000 0.00000
  0.16050E+04  0.84830E-01  0.00000E+00 0.00000E+00  0.00000 0.00000 1.00000 0.00000
  0.16150E+04  0.84830E-01  0.00000E+00 0.00000E+00  0.00000 0.00000 1.00000 0.00000
  0.16250E+04  0.84830E-01  0.00000E+00 0.00000E+00  0.00000 0.00000 1.00000 0.00000
  0.16350E+04  0.84830E-01  0.00000E+00 0.00000E+00  0.00000 0.00000 1.00000 0.00000
  0.16450E+04  0.84830E-01  0.00000E+00 0.00000E+00  0.00000 0.00000 1.00000 0.00000
  0.16550E+04  0.84830E-01  0.00000E+00 0.00000E+00  0.00000 0.00000 1.00000 0.00000
  0.16650E+04  0.84830E-01  0.00000E+00 0.00000E+00  0.00000 0.00000 1.00000 0.00000
  0.16750E+04  0.84830E-01  0.00000E+00 0.00000E+00  0.00000 0.00000 1.00000 0.00000
  0.16850E+04  0.84830E-01  0.00000E+00 0.00000E+00  0.00000 0.00000 1.00000 0.00000
  0.16950E+04  0.84830E-01  0.00000E+00 0.00000E+00  0.00000 0.00000 1.00000 0.00000
  0.17050E+04  0.84830E-01  0.00000E+00 0.00000E+00  0.00000 0.00000 1.00000 0.00000
  0.17150E+04  0.84830E-01  0.00000E+00 0.00000E+00  0.00000 0.00000 1.00000 0.00000
  0.17250E+04  0.84830E-01  0.00000E+00 0.00000E+00  0.00000 0.00000 1.00000 0.00000
  0.17350E+04  0.84830E-01  0.00000E+00 0.00000E+00  0.00000 0.00000 1.00000 0.00000
  0.17450E+04  0.84830E-01  0.00000E+00 0.00000E+00  0.00000 0.00000 1.00000 0.00000
  0.17550E+04  0.84830E-01  0.00000E+00 0.00000E+00  0.00000 0.00000 1.00000 0.00000
  0.17650E+04  0.84830E-01  0.00000E+00 0.00000E+00  0.00000 0.00000 1.00000 0.00000
  0.17750E+04  0.84830E-01  0.00000E+00 0.00000E+00  0.00000 0.00000 1.00000 0.00000
  0.17850E+04  0.84830E-01  0.00000E+00 0.00000E+00  0.00000 0.00000 1.00000 0.00000
  0.17950E+04  0.84830E-01  0.00000E+00 0.00000E+00  0.00000 0.00000 1.00000 0.00000
  0.18050E+04  0.84830E-01  0.00000E+00 0.00000E+00  0.00000 0.00000 1.00000 0.00000
  0.18150E+04  0.84830E-01  0.00000E+00 0.00000E+00  0.00000 0.00000 1.00000 0.00000
  0.18250E+04  0.84830E-01  0.00000E+00 0.00000E+00  0.00000 0.00000 1.00000 0.00000
  0.18350E+04  0.84830E-01  0.00000E+00 0.00000E+00  0.00000 0.00000 1.00000 0.00000
  0.18450E+04  0.84830E-01  0.00000E+00 0.00000E+00  0.00000 0.00000 1.00000 0.00000
  0.18550E+04  0.84830E-01  0.00000E+00 0.00000E+00  0.00000 0.00000 1.00000 0.00000
  0.18650E+04  0.84830E-01  0.00000E+00 0.00000E+00  0.00000 0.00000 1.00000 0.00000
  0.18750E+04  0.84830E-01  0.00000E+00 0.00000E+00  0.00000 0.00000 1.00000 0.00000
  0.18850E+04  0.84830E-01  0.00000E+00 0.00000E+00  0.00000 0.00000 1.00000 0.00000
  0.18950E+04  0.84830E-01  0.00000E+00 0.00000E+00  0.00000 0.00000 1.00000 0.00000
  0.19050E+04  0.84830E-01  0.00000E+00 0.00000E+00  0.00000 0.00000 1.00000 0.00000
  0.19150E+04  0.84830E-01  0.00000E+00 0.00000E+00  0.00000 0.00000 1.00000 0.00000
  0.19250E+04  0.84830E-01  0.00000E+00 0.00000E+00  0.00000 0.00000 1.00000 0.00000
  0.19350E+04  0.84830E-01  0.00000E+00 0.00000E+00  0.00000 0.00000 1.00000 0.00000
  0.19450E+04  0.84830E-01  0.00000E+00 0.00000E+00  0.00000 0.00000 1.00000 0.00000
  0.19550E+04  0.84830E-01  0.00000E+00 0.00000E+00  0.00000 0.00000 1.00000 0.00000
  0.19650E+04  0.84830E-01  0.00000E+00 0.00000E+00  0.00000 0.00000 1.00000 0.00000
  0.19750E+04  0.84830E-01  0.00000E+00 0.00000E+00  0.00000 0.00000 1.00000 0.00000
  0.19850E+04  0.84830E-01  0.00000E+00 0.00000E+00  0.00000 0.00000 1.00000 0.00000
  0.19950E+04  0.84830E-01  0.00000E+00 0.00000E+00  0.00000 0.00000 1.00000 0.00000
