  0.108581E+01 F
   0.3504E+00   0.3495E+00
   0.0000E+00   0.0000E+00   0.0000E+00   0.0000E+00
  depth        at.density   interstit.  vacancies    atomic fractions of components
  Angs         Angs^-3      dpa         dpa
  0.50000E+01  0.61129E-01  0.31669E+01 0.35144E+01  0.00367 0.08402 0.38151 0.53080
  0.15000E+02  0.63738E-01  0.22826E+01 0.22931E+01  0.00512 0.06481 0.43427 0.49579
  0.25000E+02  0.69024E-01  0.47418E+00 0.37158E+00  0.00732 0.02349 0.48657 0.48262
  0.35000E+02  0.71686E-01  0.73000E-01 0.65830E-01  0.01109 0.00145 0.49392 0.49353
  0.45000E+02  0.71770E-01  0.42431E-01 0.41634E-01  0.01340 0.00002 0.49364 0.49294
  0.55000E+02  0.71760E-01  0.32450E-01 0.32037E-01  0.01355 0.00000 0.49332 0.49313
  0.65000E+02  0.71706E-01  0.26843E-01 0.26819E-01  0.01466 0.00000 0.49281 0.49253
  0.75000E+02  0.71743E-01  0.19925E-01 0.19305E-01  0.01395 0.00000 0.49325 0.49281
  0.85000E+02  0.71752E-01  0.15841E-01 0.15848E-01  0.01366 0.00000 0.49315 0.49319
  0.95000E+02  0.71772E-01  0.10723E-01 0.10992E-01  0.01323 0.00000 0.49329 0.49348
  0.10500E+03  0.71860E-01  0.81054E-02 0.78325E-02  0.01152 0.00000 0.49428 0.49420
  0.11500E+03  0.71920E-01  0.54485E-02 0.51754E-02  0.01034 0.00000 0.49498 0.49468
  0.12500E+03  0.71959E-01  0.37485E-02 0.37660E-02  0.00949 0.00000 0.49523 0.49528
  0.13500E+03  0.72049E-01  0.22911E-02 0.22925E-02  0.00771 0.00000 0.49618 0.49611
  0.14500E+03  0.72110E-01  0.13468E-02 0.11924E-02  0.00649 0.00000 0.49679 0.49671
  0.15500E+03  0.72173E-01  0.85794E-03 0.74408E-03  0.00523 0.00000 0.49741 0.49736
  0.16500E+03  0.72195E-01  0.54682E-03 0.61354E-03  0.00476 0.00000 0.49761 0.49763
  0.17500E+03  0.72272E-01  0.39762E-03 0.37996E-03  0.00323 0.00000 0.49840 0.49837
  0.18500E+03  0.72292E-01  0.11137E-03 0.58923E-04  0.00283 0.00000 0.49860 0.49857
  0.19500E+03  0.72337E-01  0.57864E-04 0.77179E-04  0.00194 0.00000 0.49902 0.49904
  0.20500E+03  0.72368E-01  0.30411E-04 0.33248E-04  0.00133 0.00000 0.49933 0.49934
  0.21500E+03  0.72388E-01  0.27586E-04 0.27586E-04  0.00092 0.00000 0.49954 0.49954
  0.22500E+03  0.72414E-01  0.29404E-05 0.29404E-05  0.00041 0.00000 0.49979 0.49979
  0.23500E+03  0.72420E-01  0.00000E+00 0.00000E+00  0.00028 0.00000 0.49986 0.49986
  0.24500E+03  0.72426E-01  0.00000E+00 0.00000E+00  0.00018 0.00000 0.49991 0.49991
  0.25500E+03  0.72425E-01  0.00000E+00 0.00000E+00  0.00019 0.00000 0.49990 0.49990
  0.26500E+03  0.72431E-01  0.00000E+00 0.00000E+00  0.00007 0.00000 0.49996 0.49996
  0.27500E+03  0.72432E-01  0.00000E+00 0.00000E+00  0.00006 0.00000 0.49997 0.49997
  0.28500E+03  0.72432E-01  0.00000E+00 0.00000E+00  0.00006 0.00000 0.49997 0.49997
  0.29500E+03  0.72434E-01  0.00000E+00 0.00000E+00  0.00001 0.00000 0.50000 0.50000
  0.30500E+03  0.72435E-01  0.00000E+00 0.00000E+00  0.00000 0.00000 0.50000 0.50000
  0.31500E+03  0.72435E-01  0.00000E+00 0.00000E+00  0.00000 0.00000 0.50000 0.50000
  0.32500E+03  0.72435E-01  0.00000E+00 0.00000E+00  0.00000 0.00000 0.50000 0.50000
  0.33500E+03  0.72435E-01  0.00000E+00 0.00000E+00  0.00000 0.00000 0.50000 0.50000
  0.34500E+03  0.72435E-01  0.00000E+00 0.00000E+00  0.00000 0.00000 0.50000 0.50000
  0.35500E+03  0.72435E-01  0.00000E+00 0.00000E+00  0.00000 0.00000 0.50000 0.50000
  0.36500E+03  0.72435E-01  0.00000E+00 0.00000E+00  0.00000 0.00000 0.50000 0.50000
  0.37500E+03  0.72435E-01  0.00000E+00 0.00000E+00  0.00000 0.00000 0.50000 0.50000
  0.38500E+03  0.72435E-01  0.00000E+00 0.00000E+00  0.00000 0.00000 0.50000 0.50000
  0.39500E+03  0.72435E-01  0.00000E+00 0.00000E+00  0.00000 0.00000 0.50000 0.50000
  0.40500E+03  0.72435E-01  0.00000E+00 0.00000E+00  0.00000 0.00000 0.50000 0.50000
  0.41500E+03  0.72435E-01  0.00000E+00 0.00000E+00  0.00000 0.00000 0.50000 0.50000
  0.42500E+03  0.72435E-01  0.00000E+00 0.00000E+00  0.00000 0.00000 0.50000 0.50000
  0.43500E+03  0.72435E-01  0.00000E+00 0.00000E+00  0.00000 0.00000 0.50000 0.50000
  0.44500E+03  0.72435E-01  0.00000E+00 0.00000E+00  0.00000 0.00000 0.50000 0.50000
  0.45500E+03  0.72435E-01  0.00000E+00 0.00000E+00  0.00000 0.00000 0.50000 0.50000
  0.46500E+03  0.72435E-01  0.00000E+00 0.00000E+00  0.00000 0.00000 0.50000 0.50000
  0.47500E+03  0.72435E-01  0.00000E+00 0.00000E+00  0.00000 0.00000 0.50000 0.50000
  0.48500E+03  0.72435E-01  0.00000E+00 0.00000E+00  0.00000 0.00000 0.50000 0.50000
  0.49500E+03  0.72435E-01  0.00000E+00 0.00000E+00  0.00000 0.00000 0.50000 0.50000
  0.50500E+03  0.72435E-01  0.00000E+00 0.00000E+00  0.00000 0.00000 0.50000 0.50000
  0.51500E+03  0.72435E-01  0.00000E+00 0.00000E+00  0.00000 0.00000 0.50000 0.50000
  0.52500E+03  0.72435E-01  0.00000E+00 0.00000E+00  0.00000 0.00000 0.50000 0.50000
  0.53500E+03  0.72435E-01  0.00000E+00 0.00000E+00  0.00000 0.00000 0.50000 0.50000
  0.54500E+03  0.72435E-01  0.00000E+00 0.00000E+00  0.00000 0.00000 0.50000 0.50000
  0.55500E+03  0.72435E-01  0.00000E+00 0.00000E+00  0.00000 0.00000 0.50000 0.50000
  0.56500E+03  0.72435E-01  0.00000E+00 0.00000E+00  0.00000 0.00000 0.50000 0.50000
  0.57500E+03  0.72435E-01  0.00000E+00 0.00000E+00  0.00000 0.00000 0.50000 0.50000
  0.58500E+03  0.72435E-01  0.00000E+00 0.00000E+00  0.00000 0.00000 0.50000 0.50000
  0.59500E+03  0.72435E-01  0.00000E+00 0.00000E+00  0.00000 0.00000 0.50000 0.50000
  0.60500E+03  0.72435E-01  0.00000E+00 0.00000E+00  0.00000 0.00000 0.50000 0.50000
  0.61500E+03  0.72435E-01  0.00000E+00 0.00000E+00  0.00000 0.00000 0.50000 0.50000
  0.62500E+03  0.72435E-01  0.00000E+00 0.00000E+00  0.00000 0.00000 0.50000 0.50000
  0.63500E+03  0.72435E-01  0.00000E+00 0.00000E+00  0.00000 0.00000 0.50000 0.50000
  0.64500E+03  0.72435E-01  0.00000E+00 0.00000E+00  0.00000 0.00000 0.50000 0.50000
  0.65500E+03  0.72435E-01  0.00000E+00 0.00000E+00  0.00000 0.00000 0.50000 0.50000
  0.66500E+03  0.72435E-01  0.00000E+00 0.00000E+00  0.00000 0.00000 0.50000 0.50000
  0.67500E+03  0.72435E-01  0.00000E+00 0.00000E+00  0.00000 0.00000 0.50000 0.50000
  0.68500E+03  0.72435E-01  0.00000E+00 0.00000E+00  0.00000 0.00000 0.50000 0.50000
  0.69500E+03  0.72435E-01  0.00000E+00 0.00000E+00  0.00000 0.00000 0.50000 0.50000
  0.70500E+03  0.72435E-01  0.00000E+00 0.00000E+00  0.00000 0.00000 0.50000 0.50000
  0.71500E+03  0.72435E-01  0.00000E+00 0.00000E+00  0.00000 0.00000 0.50000 0.50000
  0.72500E+03  0.72435E-01  0.00000E+00 0.00000E+00  0.00000 0.00000 0.50000 0.50000
  0.73500E+03  0.72435E-01  0.00000E+00 0.00000E+00  0.00000 0.00000 0.50000 0.50000
  0.74500E+03  0.72435E-01  0.00000E+00 0.00000E+00  0.00000 0.00000 0.50000 0.50000
  0.75500E+03  0.72435E-01  0.00000E+00 0.00000E+00  0.00000 0.00000 0.50000 0.50000
  0.76500E+03  0.72435E-01  0.00000E+00 0.00000E+00  0.00000 0.00000 0.50000 0.50000
  0.77500E+03  0.72435E-01  0.00000E+00 0.00000E+00  0.00000 0.00000 0.50000 0.50000
  0.78500E+03  0.72435E-01  0.00000E+00 0.00000E+00  0.00000 0.00000 0.50000 0.50000
  0.79500E+03  0.72435E-01  0.00000E+00 0.00000E+00  0.00000 0.00000 0.50000 0.50000
  0.80500E+03  0.72435E-01  0.00000E+00 0.00000E+00  0.00000 0.00000 0.50000 0.50000
  0.81500E+03  0.72435E-01  0.00000E+00 0.00000E+00  0.00000 0.00000 0.50000 0.50000
  0.82500E+03  0.72435E-01  0.00000E+00 0.00000E+00  0.00000 0.00000 0.50000 0.50000
  0.83500E+03  0.72435E-01  0.00000E+00 0.00000E+00  0.00000 0.00000 0.50000 0.50000
  0.84500E+03  0.72435E-01  0.00000E+00 0.00000E+00  0.00000 0.00000 0.50000 0.50000
  0.85500E+03  0.72435E-01  0.00000E+00 0.00000E+00  0.00000 0.00000 0.50000 0.50000
  0.86500E+03  0.72435E-01  0.00000E+00 0.00000E+00  0.00000 0.00000 0.50000 0.50000
  0.87500E+03  0.72435E-01  0.00000E+00 0.00000E+00  0.00000 0.00000 0.50000 0.50000
  0.88500E+03  0.72435E-01  0.00000E+00 0.00000E+00  0.00000 0.00000 0.50000 0.50000
  0.89500E+03  0.72435E-01  0.00000E+00 0.00000E+00  0.00000 0.00000 0.50000 0.50000
  0.90500E+03  0.72435E-01  0.00000E+00 0.00000E+00  0.00000 0.00000 0.50000 0.50000
  0.91500E+03  0.72435E-01  0.00000E+00 0.00000E+00  0.00000 0.00000 0.50000 0.50000
  0.92500E+03  0.72435E-01  0.00000E+00 0.00000E+00  0.00000 0.00000 0.50000 0.50000
  0.93500E+03  0.72435E-01  0.00000E+00 0.00000E+00  0.00000 0.00000 0.50000 0.50000
  0.94500E+03  0.72435E-01  0.00000E+00 0.00000E+00  0.00000 0.00000 0.50000 0.50000
  0.95500E+03  0.72435E-01  0.00000E+00 0.00000E+00  0.00000 0.00000 0.50000 0.50000
  0.96500E+03  0.72435E-01  0.00000E+00 0.00000E+00  0.00000 0.00000 0.50000 0.50000
  0.97500E+03  0.72435E-01  0.00000E+00 0.00000E+00  0.00000 0.00000 0.50000 0.50000
  0.98500E+03  0.72435E-01  0.00000E+00 0.00000E+00  0.00000 0.00000 0.50000 0.50000
  0.99500E+03  0.72435E-01  0.00000E+00 0.00000E+00  0.00000 0.00000 0.50000 0.50000
  0.10050E+04  0.83484E-01  0.00000E+00 0.00000E+00  0.00000 0.00000 0.95289 0.04711
  0.10150E+04  0.84830E-01  0.00000E+00 0.00000E+00  0.00000 0.00000 1.00000 0.00000
  0.10250E+04  0.84830E-01  0.00000E+00 0.00000E+00  0.00000 0.00000 1.00000 0.00000
  0.10350E+04  0.84830E-01  0.00000E+00 0.00000E+00  0.00000 0.00000 1.00000 0.00000
  0.10450E+04  0.84830E-01  0.00000E+00 0.00000E+00  0.00000 0.00000 1.00000 0.00000
  0.10550E+04  0.84830E-01  0.00000E+00 0.00000E+00  0.00000 0.00000 1.00000 0.00000
  0.10650E+04  0.84830E-01  0.00000E+00 0.00000E+00  0.00000 0.00000 1.00000 0.00000
  0.10750E+04  0.84830E-01  0.00000E+00 0.00000E+00  0.00000 0.00000 1.00000 0.00000
  0.10850E+04  0.84830E-01  0.00000E+00 0.00000E+00  0.00000 0.00000 1.00000 0.00000
  0.10950E+04  0.84830E-01  0.00000E+00 0.00000E+00  0.00000 0.00000 1.00000 0.00000
  0.11050E+04  0.84830E-01  0.00000E+00 0.00000E+00  0.00000 0.00000 1.00000 0.00000
  0.11150E+04  0.84830E-01  0.00000E+00 0.00000E+00  0.00000 0.00000 1.00000 0.00000
  0.11250E+04  0.84830E-01  0.00000E+00 0.00000E+00  0.00000 0.00000 1.00000 0.00000
  0.11350E+04  0.84830E-01  0.00000E+00 0.00000E+00  0.00000 0.00000 1.00000 0.00000
  0.11450E+04  0.84830E-01  0.00000E+00 0.00000E+00  0.00000 0.00000 1.00000 0.00000
  0.11550E+04  0.84830E-01  0.00000E+00 0.00000E+00  0.00000 0.00000 1.00000 0.00000
  0.11650E+04  0.84830E-01  0.00000E+00 0.00000E+00  0.00000 0.00000 1.00000 0.00000
  0.11750E+04  0.84830E-01  0.00000E+00 0.00000E+00  0.00000 0.00000 1.00000 0.00000
  0.11850E+04  0.84830E-01  0.00000E+00 0.00000E+00  0.00000 0.00000 1.00000 0.00000
  0.11950E+04  0.84830E-01  0.00000E+00 0.00000E+00  0.00000 0.00000 1.00000 0.00000
  0.12050E+04  0.84830E-01  0.00000E+00 0.00000E+00  0.00000 0.00000 1.00000 0.00000
  0.12150E+04  0.84830E-01  0.00000E+00 0.00000E+00  0.00000 0.00000 1.00000 0.00000
  0.12250E+04  0.84830E-01  0.00000E+00 0.00000E+00  0.00000 0.00000 1.00000 0.00000
  0.12350E+04  0.84830E-01  0.00000E+00 0.00000E+00  0.00000 0.00000 1.00000 0.00000
  0.12450E+04  0.84830E-01  0.00000E+00 0.00000E+00  0.00000 0.00000 1.00000 0.00000
  0.12550E+04  0.84830E-01  0.00000E+00 0.00000E+00  0.00000 0.00000 1.00000 0.00000
  0.12650E+04  0.84830E-01  0.00000E+00 0.00000E+00  0.00000 0.00000 1.00000 0.00000
  0.12750E+04  0.84830E-01  0.00000E+00 0.00000E+00  0.00000 0.00000 1.00000 0.00000
  0.12850E+04  0.84830E-01  0.00000E+00 0.00000E+00  0.00000 0.00000 1.00000 0.00000
  0.12950E+04  0.84830E-01  0.00000E+00 0.00000E+00  0.00000 0.00000 1.00000 0.00000
  0.13050E+04  0.84830E-01  0.00000E+00 0.00000E+00  0.00000 0.00000 1.00000 0.00000
  0.13150E+04  0.84830E-01  0.00000E+00 0.00000E+00  0.00000 0.00000 1.00000 0.00000
  0.13250E+04  0.84830E-01  0.00000E+00 0.00000E+00  0.00000 0.00000 1.00000 0.00000
  0.13350E+04  0.84830E-01  0.00000E+00 0.00000E+00  0.00000 0.00000 1.00000 0.00000
  0.13450E+04  0.84830E-01  0.00000E+00 0.00000E+00  0.00000 0.00000 1.00000 0.00000
  0.13550E+04  0.84830E-01  0.00000E+00 0.00000E+00  0.00000 0.00000 1.00000 0.00000
  0.13650E+04  0.84830E-01  0.00000E+00 0.00000E+00  0.00000 0.00000 1.00000 0.00000
  0.13750E+04  0.84830E-01  0.00000E+00 0.00000E+00  0.00000 0.00000 1.00000 0.00000
  0.13850E+04  0.84830E-01  0.00000E+00 0.00000E+00  0.00000 0.00000 1.00000 0.00000
  0.13950E+04  0.84830E-01  0.00000E+00 0.00000E+00  0.00000 0.00000 1.00000 0.00000
  0.14050E+04  0.84830E-01  0.00000E+00 0.00000E+00  0.00000 0.00000 1.00000 0.00000
  0.14150E+04  0.84830E-01  0.00000E+00 0.00000E+00  0.00000 0.00000 1.00000 0.00000
  0.14250E+04  0.84830E-01  0.00000E+00 0.00000E+00  0.00000 0.00000 1.00000 0.00000
  0.14350E+04  0.84830E-01  0.00000E+00 0.00000E+00  0.00000 0.00000 1.00000 0.00000
  0.14450E+04  0.84830E-01  0.00000E+00 0.00000E+00  0.00000 0.00000 1.00000 0.00000
  0.14550E+04  0.84830E-01  0.00000E+00 0.00000E+00  0.00000 0.00000 1.00000 0.00000
  0.14650E+04  0.84830E-01  0.00000E+00 0.00000E+00  0.00000 0.00000 1.00000 0.00000
  0.14750E+04  0.84830E-01  0.00000E+00 0.00000E+00  0.00000 0.00000 1.00000 0.00000
  0.14850E+04  0.84830E-01  0.00000E+00 0.00000E+00  0.00000 0.00000 1.00000 0.00000
  0.14950E+04  0.84830E-01  0.00000E+00 0.00000E+00  0.00000 0.00000 1.00000 0.00000
  0.15050E+04  0.84830E-01  0.00000E+00 0.00000E+00  0.00000 0.00000 1.00000 0.00000
  0.15150E+04  0.84830E-01  0.00000E+00 0.00000E+00  0.00000 0.00000 1.00000 0.00000
  0.15250E+04  0.84830E-01  0.00000E+00 0.00000E+00  0.00000 0.00000 1.00000 0.00000
  0.15350E+04  0.84830E-01  0.00000E+00 0.00000E+00  0.00000 0.00000 1.00000 0.00000
  0.15450E+04  0.84830E-01  0.00000E+00 0.00000E+00  0.00000 0.00000 1.00000 0.00000
  0.15550E+04  0.84830E-01  0.00000E+00 0.00000E+00  0.00000 0.00000 1.00000 0.00000
  0.15650E+04  0.84830E-01  0.00000E+00 0.00000E+00  0.00000 0.00000 1.00000 0.00000
  0.15750E+04  0.84830E-01  0.00000E+00 0.00000E+00  0.00000 0.00000 1.00000 0.00000
  0.15850E+04  0.84830E-01  0.00000E+00 0.00000E+00  0.00000 0.00000 1.00000 0.00000
  0.15950E+04  0.84830E-01  0.00000E+00 0.00000E+00  0.00000 0.00000 1.00000 0.00000
  0.16050E+04  0.84830E-01  0.00000E+00 0.00000E+00  0.00000 0.00000 1.00000 0.00000
  0.16150E+04  0.84830E-01  0.00000E+00 0.00000E+00  0.00000 0.00000 1.00000 0.00000
  0.16250E+04  0.84830E-01  0.00000E+00 0.00000E+00  0.00000 0.00000 1.00000 0.00000
  0.16350E+04  0.84830E-01  0.00000E+00 0.00000E+00  0.00000 0.00000 1.00000 0.00000
  0.16450E+04  0.84830E-01  0.00000E+00 0.00000E+00  0.00000 0.00000 1.00000 0.00000
  0.16550E+04  0.84830E-01  0.00000E+00 0.00000E+00  0.00000 0.00000 1.00000 0.00000
  0.16650E+04  0.84830E-01  0.00000E+00 0.00000E+00  0.00000 0.00000 1.00000 0.00000
  0.16750E+04  0.84830E-01  0.00000E+00 0.00000E+00  0.00000 0.00000 1.00000 0.00000
  0.16850E+04  0.84830E-01  0.00000E+00 0.00000E+00  0.00000 0.00000 1.00000 0.00000
  0.16950E+04  0.84830E-01  0.00000E+00 0.00000E+00  0.00000 0.00000 1.00000 0.00000
  0.17050E+04  0.84830E-01  0.00000E+00 0.00000E+00  0.00000 0.00000 1.00000 0.00000
  0.17150E+04  0.84830E-01  0.00000E+00 0.00000E+00  0.00000 0.00000 1.00000 0.00000
  0.17250E+04  0.84830E-01  0.00000E+00 0.00000E+00  0.00000 0.00000 1.00000 0.00000
  0.17350E+04  0.84830E-01  0.00000E+00 0.00000E+00  0.00000 0.00000 1.00000 0.00000
  0.17450E+04  0.84830E-01  0.00000E+00 0.00000E+00  0.00000 0.00000 1.00000 0.00000
  0.17550E+04  0.84830E-01  0.00000E+00 0.00000E+00  0.00000 0.00000 1.00000 0.00000
  0.17650E+04  0.84830E-01  0.00000E+00 0.00000E+00  0.00000 0.00000 1.00000 0.00000
  0.17750E+04  0.84830E-01  0.00000E+00 0.00000E+00  0.00000 0.00000 1.00000 0.00000
  0.17850E+04  0.84830E-01  0.00000E+00 0.00000E+00  0.00000 0.00000 1.00000 0.00000
  0.17950E+04  0.84830E-01  0.00000E+00 0.00000E+00  0.00000 0.00000 1.00000 0.00000
  0.18050E+04  0.84830E-01  0.00000E+00 0.00000E+00  0.00000 0.00000 1.00000 0.00000
  0.18150E+04  0.84830E-01  0.00000E+00 0.00000E+00  0.00000 0.00000 1.00000 0.00000
  0.18250E+04  0.84830E-01  0.00000E+00 0.00000E+00  0.00000 0.00000 1.00000 0.00000
  0.18350E+04  0.84830E-01  0.00000E+00 0.00000E+00  0.00000 0.00000 1.00000 0.00000
  0.18450E+04  0.84830E-01  0.00000E+00 0.00000E+00  0.00000 0.00000 1.00000 0.00000
  0.18550E+04  0.84830E-01  0.00000E+00 0.00000E+00  0.00000 0.00000 1.00000 0.00000
  0.18650E+04  0.84830E-01  0.00000E+00 0.00000E+00  0.00000 0.00000 1.00000 0.00000
  0.18750E+04  0.84830E-01  0.00000E+00 0.00000E+00  0.00000 0.00000 1.00000 0.00000
  0.18850E+04  0.84830E-01  0.00000E+00 0.00000E+00  0.00000 0.00000 1.00000 0.00000
  0.18950E+04  0.84830E-01  0.00000E+00 0.00000E+00  0.00000 0.00000 1.00000 0.00000
  0.19050E+04  0.84830E-01  0.00000E+00 0.00000E+00  0.00000 0.00000 1.00000 0.00000
  0.19150E+04  0.84830E-01  0.00000E+00 0.00000E+00  0.00000 0.00000 1.00000 0.00000
  0.19250E+04  0.84830E-01  0.00000E+00 0.00000E+00  0.00000 0.00000 1.00000 0.00000
  0.19350E+04  0.84830E-01  0.00000E+00 0.00000E+00  0.00000 0.00000 1.00000 0.00000
  0.19450E+04  0.84830E-01  0.00000E+00 0.00000E+00  0.00000 0.00000 1.00000 0.00000
  0.19550E+04  0.84830E-01  0.00000E+00 0.00000E+00  0.00000 0.00000 1.00000 0.00000
  0.19650E+04  0.84830E-01  0.00000E+00 0.00000E+00  0.00000 0.00000 1.00000 0.00000
  0.19750E+04  0.84830E-01  0.00000E+00 0.00000E+00  0.00000 0.00000 1.00000 0.00000
  0.19850E+04  0.84830E-01  0.00000E+00 0.00000E+00  0.00000 0.00000 1.00000 0.00000
  0.19950E+04  0.84830E-01  0.00000E+00 0.00000E+00  0.00000 0.00000 1.00000 0.00000
