   depth     nuclear energy deposition by components per projectile and depth interval
   Angs      eV/Angs
 0.5000E+01  0.2241E+01 0.1383E+02
 0.1500E+02  0.1521E+01 0.1084E+02
 0.2500E+02  0.4326E+00 0.2705E+01
 0.3500E+02  0.6701E-01 0.3440E+00
 0.4500E+02  0.5494E-02 0.2521E-01
 0.5500E+02  0.2265E-03 0.8495E-03
 0.6500E+02  0.1229E-04 0.1246E-04
 0.7500E+02  0.0000E+00 0.0000E+00
 0.8500E+02  0.0000E+00 0.0000E+00
 0.9500E+02  0.0000E+00 0.0000E+00
 0.1050E+03  0.0000E+00 0.0000E+00
 0.1150E+03  0.0000E+00 0.0000E+00
 0.1250E+03  0.0000E+00 0.0000E+00
 0.1350E+03  0.0000E+00 0.0000E+00
 0.1450E+03  0.0000E+00 0.0000E+00
 0.1550E+03  0.0000E+00 0.0000E+00
 0.1650E+03  0.0000E+00 0.0000E+00
 0.1750E+03  0.0000E+00 0.0000E+00
 0.1850E+03  0.0000E+00 0.0000E+00
 0.1950E+03  0.0000E+00 0.0000E+00
 0.2050E+03  0.0000E+00 0.0000E+00
 0.2150E+03  0.0000E+00 0.0000E+00
 0.2250E+03  0.0000E+00 0.0000E+00
 0.2350E+03  0.0000E+00 0.0000E+00
 0.2450E+03  0.0000E+00 0.0000E+00
 0.2550E+03  0.0000E+00 0.0000E+00
 0.2650E+03  0.0000E+00 0.0000E+00
 0.2750E+03  0.0000E+00 0.0000E+00
 0.2850E+03  0.0000E+00 0.0000E+00
 0.2950E+03  0.0000E+00 0.0000E+00
 0.3050E+03  0.0000E+00 0.0000E+00
 0.3150E+03  0.0000E+00 0.0000E+00
 0.3250E+03  0.0000E+00 0.0000E+00
 0.3350E+03  0.0000E+00 0.0000E+00
 0.3450E+03  0.0000E+00 0.0000E+00
 0.3550E+03  0.0000E+00 0.0000E+00
 0.3650E+03  0.0000E+00 0.0000E+00
 0.3750E+03  0.0000E+00 0.0000E+00
 0.3850E+03  0.0000E+00 0.0000E+00
 0.3950E+03  0.0000E+00 0.0000E+00
 0.4050E+03  0.0000E+00 0.0000E+00
 0.4150E+03  0.0000E+00 0.0000E+00
 0.4250E+03  0.0000E+00 0.0000E+00
 0.4350E+03  0.0000E+00 0.0000E+00
 0.4450E+03  0.0000E+00 0.0000E+00
 0.4550E+03  0.0000E+00 0.0000E+00
 0.4650E+03  0.0000E+00 0.0000E+00
 0.4750E+03  0.0000E+00 0.0000E+00
 0.4850E+03  0.0000E+00 0.0000E+00
 0.4950E+03  0.0000E+00 0.0000E+00
 0.5050E+03  0.0000E+00 0.0000E+00
 0.5150E+03  0.0000E+00 0.0000E+00
 0.5250E+03  0.0000E+00 0.0000E+00
 0.5350E+03  0.0000E+00 0.0000E+00
 0.5450E+03  0.0000E+00 0.0000E+00
 0.5550E+03  0.0000E+00 0.0000E+00
 0.5650E+03  0.0000E+00 0.0000E+00
 0.5750E+03  0.0000E+00 0.0000E+00
 0.5850E+03  0.0000E+00 0.0000E+00
 0.5950E+03  0.0000E+00 0.0000E+00
 0.6050E+03  0.0000E+00 0.0000E+00
 0.6150E+03  0.0000E+00 0.0000E+00
 0.6250E+03  0.0000E+00 0.0000E+00
 0.6350E+03  0.0000E+00 0.0000E+00
 0.6450E+03  0.0000E+00 0.0000E+00
 0.6550E+03  0.0000E+00 0.0000E+00
 0.6650E+03  0.0000E+00 0.0000E+00
 0.6750E+03  0.0000E+00 0.0000E+00
 0.6850E+03  0.0000E+00 0.0000E+00
 0.6950E+03  0.0000E+00 0.0000E+00
 0.7050E+03  0.0000E+00 0.0000E+00
 0.7150E+03  0.0000E+00 0.0000E+00
 0.7250E+03  0.0000E+00 0.0000E+00
 0.7350E+03  0.0000E+00 0.0000E+00
 0.7450E+03  0.0000E+00 0.0000E+00
 0.7550E+03  0.0000E+00 0.0000E+00
 0.7650E+03  0.0000E+00 0.0000E+00
 0.7750E+03  0.0000E+00 0.0000E+00
 0.7850E+03  0.0000E+00 0.0000E+00
 0.7950E+03  0.0000E+00 0.0000E+00
 0.8050E+03  0.0000E+00 0.0000E+00
 0.8150E+03  0.0000E+00 0.0000E+00
 0.8250E+03  0.0000E+00 0.0000E+00
 0.8350E+03  0.0000E+00 0.0000E+00
 0.8450E+03  0.0000E+00 0.0000E+00
 0.8550E+03  0.0000E+00 0.0000E+00
 0.8650E+03  0.0000E+00 0.0000E+00
 0.8750E+03  0.0000E+00 0.0000E+00
 0.8850E+03  0.0000E+00 0.0000E+00
 0.8950E+03  0.0000E+00 0.0000E+00
 0.9050E+03  0.0000E+00 0.0000E+00
 0.9150E+03  0.0000E+00 0.0000E+00
 0.9250E+03  0.0000E+00 0.0000E+00
 0.9350E+03  0.0000E+00 0.0000E+00
 0.9450E+03  0.0000E+00 0.0000E+00
 0.9550E+03  0.0000E+00 0.0000E+00
 0.9650E+03  0.0000E+00 0.0000E+00
 0.9750E+03  0.0000E+00 0.0000E+00
 0.9850E+03  0.0000E+00 0.0000E+00
 0.9950E+03  0.0000E+00 0.0000E+00
 0.1005E+04  0.0000E+00 0.0000E+00
 0.1015E+04  0.0000E+00 0.0000E+00
 0.1025E+04  0.0000E+00 0.0000E+00
 0.1035E+04  0.0000E+00 0.0000E+00
 0.1045E+04  0.0000E+00 0.0000E+00
 0.1055E+04  0.0000E+00 0.0000E+00
 0.1065E+04  0.0000E+00 0.0000E+00
 0.1075E+04  0.0000E+00 0.0000E+00
 0.1085E+04  0.0000E+00 0.0000E+00
 0.1095E+04  0.0000E+00 0.0000E+00
 0.1105E+04  0.0000E+00 0.0000E+00
 0.1115E+04  0.0000E+00 0.0000E+00
 0.1125E+04  0.0000E+00 0.0000E+00
 0.1135E+04  0.0000E+00 0.0000E+00
 0.1145E+04  0.0000E+00 0.0000E+00
 0.1155E+04  0.0000E+00 0.0000E+00
 0.1165E+04  0.0000E+00 0.0000E+00
 0.1175E+04  0.0000E+00 0.0000E+00
 0.1185E+04  0.0000E+00 0.0000E+00
 0.1195E+04  0.0000E+00 0.0000E+00
 0.1205E+04  0.0000E+00 0.0000E+00
 0.1215E+04  0.0000E+00 0.0000E+00
 0.1225E+04  0.0000E+00 0.0000E+00
 0.1235E+04  0.0000E+00 0.0000E+00
 0.1245E+04  0.0000E+00 0.0000E+00
 0.1255E+04  0.0000E+00 0.0000E+00
 0.1265E+04  0.0000E+00 0.0000E+00
 0.1275E+04  0.0000E+00 0.0000E+00
 0.1285E+04  0.0000E+00 0.0000E+00
 0.1295E+04  0.0000E+00 0.0000E+00
 0.1305E+04  0.0000E+00 0.0000E+00
 0.1315E+04  0.0000E+00 0.0000E+00
 0.1325E+04  0.0000E+00 0.0000E+00
 0.1335E+04  0.0000E+00 0.0000E+00
 0.1345E+04  0.0000E+00 0.0000E+00
 0.1355E+04  0.0000E+00 0.0000E+00
 0.1365E+04  0.0000E+00 0.0000E+00
 0.1375E+04  0.0000E+00 0.0000E+00
 0.1385E+04  0.0000E+00 0.0000E+00
 0.1395E+04  0.0000E+00 0.0000E+00
 0.1405E+04  0.0000E+00 0.0000E+00
 0.1415E+04  0.0000E+00 0.0000E+00
 0.1425E+04  0.0000E+00 0.0000E+00
 0.1435E+04  0.0000E+00 0.0000E+00
 0.1445E+04  0.0000E+00 0.0000E+00
 0.1455E+04  0.0000E+00 0.0000E+00
 0.1465E+04  0.0000E+00 0.0000E+00
 0.1475E+04  0.0000E+00 0.0000E+00
 0.1485E+04  0.0000E+00 0.0000E+00
 0.1495E+04  0.0000E+00 0.0000E+00
 0.1505E+04  0.0000E+00 0.0000E+00
 0.1515E+04  0.0000E+00 0.0000E+00
 0.1525E+04  0.0000E+00 0.0000E+00
 0.1535E+04  0.0000E+00 0.0000E+00
 0.1545E+04  0.0000E+00 0.0000E+00
 0.1555E+04  0.0000E+00 0.0000E+00
 0.1565E+04  0.0000E+00 0.0000E+00
 0.1575E+04  0.0000E+00 0.0000E+00
 0.1585E+04  0.0000E+00 0.0000E+00
 0.1595E+04  0.0000E+00 0.0000E+00
 0.1605E+04  0.0000E+00 0.0000E+00
 0.1615E+04  0.0000E+00 0.0000E+00
 0.1625E+04  0.0000E+00 0.0000E+00
 0.1635E+04  0.0000E+00 0.0000E+00
 0.1645E+04  0.0000E+00 0.0000E+00
 0.1655E+04  0.0000E+00 0.0000E+00
 0.1665E+04  0.0000E+00 0.0000E+00
 0.1675E+04  0.0000E+00 0.0000E+00
 0.1685E+04  0.0000E+00 0.0000E+00
 0.1695E+04  0.0000E+00 0.0000E+00
 0.1705E+04  0.0000E+00 0.0000E+00
 0.1715E+04  0.0000E+00 0.0000E+00
 0.1725E+04  0.0000E+00 0.0000E+00
 0.1735E+04  0.0000E+00 0.0000E+00
 0.1745E+04  0.0000E+00 0.0000E+00
 0.1755E+04  0.0000E+00 0.0000E+00
 0.1765E+04  0.0000E+00 0.0000E+00
 0.1775E+04  0.0000E+00 0.0000E+00
 0.1785E+04  0.0000E+00 0.0000E+00
 0.1795E+04  0.0000E+00 0.0000E+00
 0.1805E+04  0.0000E+00 0.0000E+00
 0.1815E+04  0.0000E+00 0.0000E+00
 0.1825E+04  0.0000E+00 0.0000E+00
 0.1835E+04  0.0000E+00 0.0000E+00
 0.1845E+04  0.0000E+00 0.0000E+00
 0.1855E+04  0.0000E+00 0.0000E+00
 0.1865E+04  0.0000E+00 0.0000E+00
 0.1875E+04  0.0000E+00 0.0000E+00
 0.1885E+04  0.0000E+00 0.0000E+00
 0.1895E+04  0.0000E+00 0.0000E+00
 0.1905E+04  0.0000E+00 0.0000E+00
 0.1915E+04  0.0000E+00 0.0000E+00
 0.1925E+04  0.0000E+00 0.0000E+00
 0.1935E+04  0.0000E+00 0.0000E+00
 0.1945E+04  0.0000E+00 0.0000E+00
 0.1955E+04  0.0000E+00 0.0000E+00
 0.1965E+04  0.0000E+00 0.0000E+00
 0.1975E+04  0.0000E+00 0.0000E+00
 0.1985E+04  0.0000E+00 0.0000E+00
 0.1995E+04  0.0000E+00 0.0000E+00
