 SDTrimSP: VERSION 6.01    28.09.2022
H_Ar_on_Fe_W_60deg                                                              
           4    number species of recoils
 DEPTH DISTRIBUTIONS (RECOILS), COMPONENT(1): H    
           2         50000.     25.000        number of depth ,NH*NR, e_tot_p[MeV]
         [A]    [number]    [number]       [MeV]       [MeV]       [MeV]       [MeV]    [number]
DEPTH/LENGTH       STOPS  PATHLENGTH   NUCL.LOSS  ELECT.LOSS NUC.LOSS<ED NUC.LOSS>ED   VACANCIES   DISPLCNTR REPLACEMENT
  5.0000E+00  0.0000E+00  0.0000E+00  0.0000E+00  0.0000E+00  0.0000E+00  0.0000E+00  0.0000E+00  0.0000E+00  0.0000E+00
  1.5000E+01  0.0000E+00  0.0000E+00  0.0000E+00  0.0000E+00  0.0000E+00  0.0000E+00  0.0000E+00  0.0000E+00  0.0000E+00
  0.0000E+00  0.0000E+00  0.0000E+00  0.0000E+00  0.0000E+00  0.0000E+00  0.0000E+00  0.0000E+00  0.0000E+00  0.0000E+00
 DEPTH DISTRIBUTIONS (RECOILS), COMPONENT(2): Ar   
           2         50000.     25.000        number of depth ,NH*NR, e_tot_p[MeV]
         [A]    [number]    [number]       [MeV]       [MeV]       [MeV]       [MeV]    [number]
DEPTH/LENGTH       STOPS  PATHLENGTH   NUCL.LOSS  ELECT.LOSS NUC.LOSS<ED NUC.LOSS>ED   VACANCIES   DISPLCNTR REPLACEMENT
  5.0000E+00  0.0000E+00  0.0000E+00  0.0000E+00  0.0000E+00  0.0000E+00  0.0000E+00  0.0000E+00  0.0000E+00  0.0000E+00
  1.5000E+01  0.0000E+00  0.0000E+00  0.0000E+00  0.0000E+00  0.0000E+00  0.0000E+00  0.0000E+00  0.0000E+00  0.0000E+00
  0.0000E+00  0.0000E+00  0.0000E+00  0.0000E+00  0.0000E+00  0.0000E+00  0.0000E+00  0.0000E+00  0.0000E+00  0.0000E+00
 DEPTH DISTRIBUTIONS (RECOILS), COMPONENT(3): Fe   
          29         50000.     25.000        number of depth ,NH*NR, e_tot_p[MeV]
         [A]    [number]    [number]       [MeV]       [MeV]       [MeV]       [MeV]    [number]
DEPTH/LENGTH       STOPS  PATHLENGTH   NUCL.LOSS  ELECT.LOSS NUC.LOSS<ED NUC.LOSS>ED   VACANCIES   DISPLCNTR REPLACEMENT
  5.0000E+00  4.5790E+05  7.1851E+05  7.4993E+00  5.0577E-01  3.5111E+00  2.5853E+00  9.5781E+04  1.1966E+05  2.3881E+04
  1.5000E+01  1.8273E+05  5.0150E+03  1.8468E+00  1.1764E-01  1.0713E+00  3.4551E-01  1.2331E+04  1.8413E+04  6.0820E+03
  2.5000E+01  2.7092E+04  2.6400E+02  1.8362E-01  1.1007E-02  1.2134E-01  1.2898E-02  9.7400E+02  1.3410E+03  3.6700E+02
  3.5000E+01  1.2170E+04  8.0000E+00  7.0997E-02  4.0932E-03  5.0142E-02  7.3899E-04  4.1200E+02  4.5200E+02  4.0000E+01
  4.5000E+01  9.7610E+03  0.0000E+00  5.5459E-02  3.1996E-03  3.8841E-02  6.2418E-04  2.9600E+02  3.2700E+02  3.1000E+01
  5.5000E+01  8.2030E+03  0.0000E+00  4.4442E-02  2.5430E-03  3.1261E-02  3.0872E-04  1.7000E+02  1.8700E+02  1.7000E+01
  6.5000E+01  6.4840E+03  0.0000E+00  3.4629E-02  1.9672E-03  2.4470E-02  1.2924E-04  1.2300E+02  1.3000E+02  7.0000E+00
  7.5000E+01  5.1490E+03  0.0000E+00  2.6055E-02  1.4817E-03  1.8297E-02  3.7424E-05  5.9000E+01  6.2000E+01  3.0000E+00
  8.5000E+01  4.0450E+03  0.0000E+00  2.0175E-02  1.1365E-03  1.4256E-02  1.7004E-05  4.9000E+01  5.0000E+01  1.0000E+00
  9.5000E+01  3.0440E+03  0.0000E+00  1.4955E-02  8.5374E-04  1.0572E-02  0.0000E+00  1.5000E+01  1.5000E+01  0.0000E+00
  1.0500E+02  2.3140E+03  0.0000E+00  1.1243E-02  6.3240E-04  7.8802E-03  1.7681E-05  1.0000E+01  1.1000E+01  1.0000E+00
  1.1500E+02  1.7550E+03  0.0000E+00  8.3587E-03  4.6471E-04  5.9249E-03  0.0000E+00  3.0000E+00  3.0000E+00  0.0000E+00
  1.2500E+02  1.1660E+03  0.0000E+00  5.2779E-03  2.9672E-04  3.7032E-03  0.0000E+00  2.0000E+00  2.0000E+00  0.0000E+00
  1.3500E+02  7.7000E+02  0.0000E+00  3.4471E-03  1.9143E-04  2.4088E-03  0.0000E+00  1.0000E+00  1.0000E+00  0.0000E+00
  1.4500E+02  5.1200E+02  0.0000E+00  2.2131E-03  1.2548E-04  1.5399E-03  0.0000E+00  0.0000E+00  0.0000E+00  0.0000E+00
  1.5500E+02  3.0900E+02  0.0000E+00  1.2929E-03  7.0344E-05  9.0818E-04  0.0000E+00  1.0000E+00  1.0000E+00  0.0000E+00
  1.6500E+02  1.8300E+02  0.0000E+00  7.6919E-04  4.2353E-05  5.3421E-04  0.0000E+00  0.0000E+00  0.0000E+00  0.0000E+00
  1.7500E+02  9.6000E+01  0.0000E+00  3.8424E-04  2.1196E-05  2.7360E-04  0.0000E+00  0.0000E+00  0.0000E+00  0.0000E+00
  1.8500E+02  6.5000E+01  0.0000E+00  2.6515E-04  1.3655E-05  1.8935E-04  0.0000E+00  0.0000E+00  0.0000E+00  0.0000E+00
  1.9500E+02  2.9000E+01  0.0000E+00  1.1186E-04  6.5455E-06  7.9058E-05  0.0000E+00  0.0000E+00  0.0000E+00  0.0000E+00
  2.0500E+02  1.5000E+01  0.0000E+00  6.6025E-05  3.7268E-06  4.4523E-05  0.0000E+00  0.0000E+00  0.0000E+00  0.0000E+00
  2.1500E+02  7.0000E+00  0.0000E+00  2.5513E-05  1.7428E-06  1.4433E-05  0.0000E+00  0.0000E+00  0.0000E+00  0.0000E+00
  2.2500E+02  3.0000E+00  0.0000E+00  9.3084E-06  4.1620E-07  7.6816E-06  0.0000E+00  0.0000E+00  0.0000E+00  0.0000E+00
  2.3500E+02  1.0000E+00  0.0000E+00  3.1492E-06  2.3344E-07  1.3891E-06  0.0000E+00  0.0000E+00  0.0000E+00  0.0000E+00
  2.4500E+02  0.0000E+00  0.0000E+00  0.0000E+00  0.0000E+00  0.0000E+00  0.0000E+00  0.0000E+00  0.0000E+00  0.0000E+00
  2.5500E+02  0.0000E+00  0.0000E+00  0.0000E+00  0.0000E+00  0.0000E+00  0.0000E+00  0.0000E+00  0.0000E+00  0.0000E+00
  2.6500E+02  1.0000E+00  0.0000E+00  2.9739E-06  1.3537E-07  2.3196E-06  0.0000E+00  0.0000E+00  0.0000E+00  0.0000E+00
  2.7500E+02  0.0000E+00  0.0000E+00  0.0000E+00  0.0000E+00  0.0000E+00  0.0000E+00  0.0000E+00  0.0000E+00  0.0000E+00
  2.8500E+02  0.0000E+00  0.0000E+00  0.0000E+00  0.0000E+00  0.0000E+00  0.0000E+00  0.0000E+00  0.0000E+00  0.0000E+00
  0.0000E+00  7.2380E+05  7.2380E+05  9.8299E+00  6.5156E-01  4.9151E+00  2.9455E+00  1.1023E+05  1.4066E+05  3.0430E+04
 DEPTH DISTRIBUTIONS (RECOILS), COMPONENT(4): W    
          23         50000.     25.000        number of depth ,NH*NR, e_tot_p[MeV]
         [A]    [number]    [number]       [MeV]       [MeV]       [MeV]       [MeV]    [number]
DEPTH/LENGTH       STOPS  PATHLENGTH   NUCL.LOSS  ELECT.LOSS NUC.LOSS<ED NUC.LOSS>ED   VACANCIES   DISPLCNTR REPLACEMENT
  5.0000E+00  4.4812E+05  6.5896E+05  6.3183E+00  3.3552E-01  3.1586E+00  1.6945E+00  3.4053E+04  4.1577E+04  7.5240E+03
  1.5000E+01  1.6439E+05  1.6070E+03  1.4176E+00  7.4620E-02  8.9669E-01  1.3643E-01  2.3900E+03  3.3350E+03  9.4500E+02
  2.5000E+01  2.0922E+04  1.0000E+00  1.2184E-01  6.0478E-03  8.2642E-02  3.6716E-03  7.1000E+01  9.7000E+01  2.6000E+01
  3.5000E+01  7.5940E+03  0.0000E+00  3.3346E-02  1.5599E-03  2.2912E-02  0.0000E+00  0.0000E+00  0.0000E+00  0.0000E+00
  4.5000E+01  5.4660E+03  0.0000E+00  2.3388E-02  1.0800E-03  1.6209E-02  0.0000E+00  0.0000E+00  0.0000E+00  0.0000E+00
  5.5000E+01  4.1260E+03  0.0000E+00  1.7243E-02  8.0618E-04  1.1929E-02  0.0000E+00  0.0000E+00  0.0000E+00  0.0000E+00
  6.5000E+01  3.1430E+03  0.0000E+00  1.2950E-02  5.9490E-04  9.0373E-03  0.0000E+00  0.0000E+00  0.0000E+00  0.0000E+00
  7.5000E+01  2.2260E+03  0.0000E+00  8.9868E-03  4.1392E-04  6.2589E-03  0.0000E+00  0.0000E+00  0.0000E+00  0.0000E+00
  8.5000E+01  1.5890E+03  0.0000E+00  6.3389E-03  2.8944E-04  4.4187E-03  0.0000E+00  0.0000E+00  0.0000E+00  0.0000E+00
  9.5000E+01  1.1020E+03  0.0000E+00  4.3472E-03  1.9645E-04  3.0402E-03  0.0000E+00  0.0000E+00  0.0000E+00  0.0000E+00
  1.0500E+02  7.2900E+02  0.0000E+00  2.8244E-03  1.2964E-04  1.9452E-03  0.0000E+00  0.0000E+00  0.0000E+00  0.0000E+00
  1.1500E+02  4.9100E+02  0.0000E+00  1.9167E-03  8.9188E-05  1.3127E-03  0.0000E+00  0.0000E+00  0.0000E+00  0.0000E+00
  1.2500E+02  2.5900E+02  0.0000E+00  9.6284E-04  4.3727E-05  6.6609E-04  0.0000E+00  0.0000E+00  0.0000E+00  0.0000E+00
  1.3500E+02  1.8600E+02  0.0000E+00  6.9224E-04  3.2226E-05  4.8054E-04  0.0000E+00  0.0000E+00  0.0000E+00  0.0000E+00
  1.4500E+02  1.2200E+02  0.0000E+00  4.4115E-04  2.1581E-05  3.0046E-04  0.0000E+00  0.0000E+00  0.0000E+00  0.0000E+00
  1.5500E+02  5.5000E+01  0.0000E+00  1.9485E-04  8.6344E-06  1.3327E-04  0.0000E+00  0.0000E+00  0.0000E+00  0.0000E+00
  1.6500E+02  3.8000E+01  0.0000E+00  1.2671E-04  5.7962E-06  8.6606E-05  0.0000E+00  0.0000E+00  0.0000E+00  0.0000E+00
  1.7500E+02  1.0000E+01  0.0000E+00  3.4944E-05  1.5286E-06  2.3868E-05  0.0000E+00  0.0000E+00  0.0000E+00  0.0000E+00
  1.8500E+02  2.0000E+00  0.0000E+00  7.3691E-06  4.2951E-07  4.6743E-06  0.0000E+00  0.0000E+00  0.0000E+00  0.0000E+00
  1.9500E+02  3.0000E+00  0.0000E+00  9.9703E-06  3.9003E-07  6.9911E-06  0.0000E+00  0.0000E+00  0.0000E+00  0.0000E+00
  2.0500E+02  1.0000E+00  0.0000E+00  3.5873E-06  1.5299E-07  2.8989E-06  0.0000E+00  0.0000E+00  0.0000E+00  0.0000E+00
  2.1500E+02  0.0000E+00  0.0000E+00  0.0000E+00  0.0000E+00  0.0000E+00  0.0000E+00  0.0000E+00  0.0000E+00  0.0000E+00
  2.2500E+02  0.0000E+00  0.0000E+00  0.0000E+00  0.0000E+00  0.0000E+00  0.0000E+00  0.0000E+00  0.0000E+00  0.0000E+00
  0.0000E+00  6.6057E+05  6.6057E+05  7.9716E+00  4.2146E-01  4.2167E+00  1.8346E+00  3.6514E+04  4.5009E+04  8.4950E+03
