   mm      xno(mm)          xxc(mm)     qux(mm,1:ncp)
    1    0.00000E+00    0.50000E+01   0.00000   0.00000   0.50000   0.50000
    2    0.10000E+02    0.15000E+02   0.00000   0.00000   0.50000   0.50000
    3    0.20000E+02    0.25000E+02   0.00000   0.00000   0.50000   0.50000
    4    0.30000E+02    0.35000E+02   0.00000   0.00000   0.50000   0.50000
    5    0.40000E+02    0.45000E+02   0.00000   0.00000   0.50000   0.50000
    6    0.50000E+02    0.55000E+02   0.00000   0.00000   0.50000   0.50000
    7    0.60000E+02    0.65000E+02   0.00000   0.00000   0.50000   0.50000
    8    0.70000E+02    0.75000E+02   0.00000   0.00000   0.50000   0.50000
    9    0.80000E+02    0.85000E+02   0.00000   0.00000   0.50000   0.50000
   10    0.90000E+02    0.95000E+02   0.00000   0.00000   0.50000   0.50000
   11    0.10000E+03    0.10500E+03   0.00000   0.00000   0.50000   0.50000
   12    0.11000E+03    0.11500E+03   0.00000   0.00000   0.50000   0.50000
   13    0.12000E+03    0.12500E+03   0.00000   0.00000   0.50000   0.50000
   14    0.13000E+03    0.13500E+03   0.00000   0.00000   0.50000   0.50000
   15    0.14000E+03    0.14500E+03   0.00000   0.00000   0.50000   0.50000
   16    0.15000E+03    0.15500E+03   0.00000   0.00000   0.50000   0.50000
   17    0.16000E+03    0.16500E+03   0.00000   0.00000   0.50000   0.50000
   18    0.17000E+03    0.17500E+03   0.00000   0.00000   0.50000   0.50000
   19    0.18000E+03    0.18500E+03   0.00000   0.00000   0.50000   0.50000
   20    0.19000E+03    0.19500E+03   0.00000   0.00000   0.50000   0.50000
   21    0.20000E+03    0.20500E+03   0.00000   0.00000   0.50000   0.50000
   22    0.21000E+03    0.21500E+03   0.00000   0.00000   0.50000   0.50000
   23    0.22000E+03    0.22500E+03   0.00000   0.00000   0.50000   0.50000
   24    0.23000E+03    0.23500E+03   0.00000   0.00000   0.50000   0.50000
   25    0.24000E+03    0.24500E+03   0.00000   0.00000   0.50000   0.50000
   26    0.25000E+03    0.25500E+03   0.00000   0.00000   0.50000   0.50000
   27    0.26000E+03    0.26500E+03   0.00000   0.00000   0.50000   0.50000
   28    0.27000E+03    0.27500E+03   0.00000   0.00000   0.50000   0.50000
   29    0.28000E+03    0.28500E+03   0.00000   0.00000   0.50000   0.50000
   30    0.29000E+03    0.29500E+03   0.00000   0.00000   0.50000   0.50000
   31    0.30000E+03    0.30500E+03   0.00000   0.00000   0.50000   0.50000
   32    0.31000E+03    0.31500E+03   0.00000   0.00000   0.50000   0.50000
   33    0.32000E+03    0.32500E+03   0.00000   0.00000   0.50000   0.50000
   34    0.33000E+03    0.33500E+03   0.00000   0.00000   0.50000   0.50000
   35    0.34000E+03    0.34500E+03   0.00000   0.00000   0.50000   0.50000
   36    0.35000E+03    0.35500E+03   0.00000   0.00000   0.50000   0.50000
   37    0.36000E+03    0.36500E+03   0.00000   0.00000   0.50000   0.50000
   38    0.37000E+03    0.37500E+03   0.00000   0.00000   0.50000   0.50000
   39    0.38000E+03    0.38500E+03   0.00000   0.00000   0.50000   0.50000
   40    0.39000E+03    0.39500E+03   0.00000   0.00000   0.50000   0.50000
   41    0.40000E+03    0.40500E+03   0.00000   0.00000   0.50000   0.50000
   42    0.41000E+03    0.41500E+03   0.00000   0.00000   0.50000   0.50000
   43    0.42000E+03    0.42500E+03   0.00000   0.00000   0.50000   0.50000
   44    0.43000E+03    0.43500E+03   0.00000   0.00000   0.50000   0.50000
   45    0.44000E+03    0.44500E+03   0.00000   0.00000   0.50000   0.50000
   46    0.45000E+03    0.45500E+03   0.00000   0.00000   0.50000   0.50000
   47    0.46000E+03    0.46500E+03   0.00000   0.00000   0.50000   0.50000
   48    0.47000E+03    0.47500E+03   0.00000   0.00000   0.50000   0.50000
   49    0.48000E+03    0.48500E+03   0.00000   0.00000   0.50000   0.50000
   50    0.49000E+03    0.49500E+03   0.00000   0.00000   0.50000   0.50000
   51    0.50000E+03    0.50500E+03   0.00000   0.00000   0.50000   0.50000
   52    0.51000E+03    0.51500E+03   0.00000   0.00000   0.50000   0.50000
   53    0.52000E+03    0.52500E+03   0.00000   0.00000   0.50000   0.50000
   54    0.53000E+03    0.53500E+03   0.00000   0.00000   0.50000   0.50000
   55    0.54000E+03    0.54500E+03   0.00000   0.00000   0.50000   0.50000
   56    0.55000E+03    0.55500E+03   0.00000   0.00000   0.50000   0.50000
   57    0.56000E+03    0.56500E+03   0.00000   0.00000   0.50000   0.50000
   58    0.57000E+03    0.57500E+03   0.00000   0.00000   0.50000   0.50000
   59    0.58000E+03    0.58500E+03   0.00000   0.00000   0.50000   0.50000
   60    0.59000E+03    0.59500E+03   0.00000   0.00000   0.50000   0.50000
   61    0.60000E+03    0.60500E+03   0.00000   0.00000   0.50000   0.50000
   62    0.61000E+03    0.61500E+03   0.00000   0.00000   0.50000   0.50000
   63    0.62000E+03    0.62500E+03   0.00000   0.00000   0.50000   0.50000
   64    0.63000E+03    0.63500E+03   0.00000   0.00000   0.50000   0.50000
   65    0.64000E+03    0.64500E+03   0.00000   0.00000   0.50000   0.50000
   66    0.65000E+03    0.65500E+03   0.00000   0.00000   0.50000   0.50000
   67    0.66000E+03    0.66500E+03   0.00000   0.00000   0.50000   0.50000
   68    0.67000E+03    0.67500E+03   0.00000   0.00000   0.50000   0.50000
   69    0.68000E+03    0.68500E+03   0.00000   0.00000   0.50000   0.50000
   70    0.69000E+03    0.69500E+03   0.00000   0.00000   0.50000   0.50000
   71    0.70000E+03    0.70500E+03   0.00000   0.00000   0.50000   0.50000
   72    0.71000E+03    0.71500E+03   0.00000   0.00000   0.50000   0.50000
   73    0.72000E+03    0.72500E+03   0.00000   0.00000   0.50000   0.50000
   74    0.73000E+03    0.73500E+03   0.00000   0.00000   0.50000   0.50000
   75    0.74000E+03    0.74500E+03   0.00000   0.00000   0.50000   0.50000
   76    0.75000E+03    0.75500E+03   0.00000   0.00000   0.50000   0.50000
   77    0.76000E+03    0.76500E+03   0.00000   0.00000   0.50000   0.50000
   78    0.77000E+03    0.77500E+03   0.00000   0.00000   0.50000   0.50000
   79    0.78000E+03    0.78500E+03   0.00000   0.00000   0.50000   0.50000
   80    0.79000E+03    0.79500E+03   0.00000   0.00000   0.50000   0.50000
   81    0.80000E+03    0.80500E+03   0.00000   0.00000   0.50000   0.50000
   82    0.81000E+03    0.81500E+03   0.00000   0.00000   0.50000   0.50000
   83    0.82000E+03    0.82500E+03   0.00000   0.00000   0.50000   0.50000
   84    0.83000E+03    0.83500E+03   0.00000   0.00000   0.50000   0.50000
   85    0.84000E+03    0.84500E+03   0.00000   0.00000   0.50000   0.50000
   86    0.85000E+03    0.85500E+03   0.00000   0.00000   0.50000   0.50000
   87    0.86000E+03    0.86500E+03   0.00000   0.00000   0.50000   0.50000
   88    0.87000E+03    0.87500E+03   0.00000   0.00000   0.50000   0.50000
   89    0.88000E+03    0.88500E+03   0.00000   0.00000   0.50000   0.50000
   90    0.89000E+03    0.89500E+03   0.00000   0.00000   0.50000   0.50000
   91    0.90000E+03    0.90500E+03   0.00000   0.00000   0.50000   0.50000
   92    0.91000E+03    0.91500E+03   0.00000   0.00000   0.50000   0.50000
   93    0.92000E+03    0.92500E+03   0.00000   0.00000   0.50000   0.50000
   94    0.93000E+03    0.93500E+03   0.00000   0.00000   0.50000   0.50000
   95    0.94000E+03    0.94500E+03   0.00000   0.00000   0.50000   0.50000
   96    0.95000E+03    0.95500E+03   0.00000   0.00000   0.50000   0.50000
   97    0.96000E+03    0.96500E+03   0.00000   0.00000   0.50000   0.50000
   98    0.97000E+03    0.97500E+03   0.00000   0.00000   0.50000   0.50000
   99    0.98000E+03    0.98500E+03   0.00000   0.00000   0.50000   0.50000
  100    0.99000E+03    0.99500E+03   0.00000   0.00000   0.50000   0.50000
  101    0.10000E+04    0.10050E+04   0.00000   0.00000   1.00000   0.00000
  102    0.10100E+04    0.10150E+04   0.00000   0.00000   1.00000   0.00000
  103    0.10200E+04    0.10250E+04   0.00000   0.00000   1.00000   0.00000
  104    0.10300E+04    0.10350E+04   0.00000   0.00000   1.00000   0.00000
  105    0.10400E+04    0.10450E+04   0.00000   0.00000   1.00000   0.00000
  106    0.10500E+04    0.10550E+04   0.00000   0.00000   1.00000   0.00000
  107    0.10600E+04    0.10650E+04   0.00000   0.00000   1.00000   0.00000
  108    0.10700E+04    0.10750E+04   0.00000   0.00000   1.00000   0.00000
  109    0.10800E+04    0.10850E+04   0.00000   0.00000   1.00000   0.00000
  110    0.10900E+04    0.10950E+04   0.00000   0.00000   1.00000   0.00000
  111    0.11000E+04    0.11050E+04   0.00000   0.00000   1.00000   0.00000
  112    0.11100E+04    0.11150E+04   0.00000   0.00000   1.00000   0.00000
  113    0.11200E+04    0.11250E+04   0.00000   0.00000   1.00000   0.00000
  114    0.11300E+04    0.11350E+04   0.00000   0.00000   1.00000   0.00000
  115    0.11400E+04    0.11450E+04   0.00000   0.00000   1.00000   0.00000
  116    0.11500E+04    0.11550E+04   0.00000   0.00000   1.00000   0.00000
  117    0.11600E+04    0.11650E+04   0.00000   0.00000   1.00000   0.00000
  118    0.11700E+04    0.11750E+04   0.00000   0.00000   1.00000   0.00000
  119    0.11800E+04    0.11850E+04   0.00000   0.00000   1.00000   0.00000
  120    0.11900E+04    0.11950E+04   0.00000   0.00000   1.00000   0.00000
  121    0.12000E+04    0.12050E+04   0.00000   0.00000   1.00000   0.00000
  122    0.12100E+04    0.12150E+04   0.00000   0.00000   1.00000   0.00000
  123    0.12200E+04    0.12250E+04   0.00000   0.00000   1.00000   0.00000
  124    0.12300E+04    0.12350E+04   0.00000   0.00000   1.00000   0.00000
  125    0.12400E+04    0.12450E+04   0.00000   0.00000   1.00000   0.00000
  126    0.12500E+04    0.12550E+04   0.00000   0.00000   1.00000   0.00000
  127    0.12600E+04    0.12650E+04   0.00000   0.00000   1.00000   0.00000
  128    0.12700E+04    0.12750E+04   0.00000   0.00000   1.00000   0.00000
  129    0.12800E+04    0.12850E+04   0.00000   0.00000   1.00000   0.00000
  130    0.12900E+04    0.12950E+04   0.00000   0.00000   1.00000   0.00000
  131    0.13000E+04    0.13050E+04   0.00000   0.00000   1.00000   0.00000
  132    0.13100E+04    0.13150E+04   0.00000   0.00000   1.00000   0.00000
  133    0.13200E+04    0.13250E+04   0.00000   0.00000   1.00000   0.00000
  134    0.13300E+04    0.13350E+04   0.00000   0.00000   1.00000   0.00000
  135    0.13400E+04    0.13450E+04   0.00000   0.00000   1.00000   0.00000
  136    0.13500E+04    0.13550E+04   0.00000   0.00000   1.00000   0.00000
  137    0.13600E+04    0.13650E+04   0.00000   0.00000   1.00000   0.00000
  138    0.13700E+04    0.13750E+04   0.00000   0.00000   1.00000   0.00000
  139    0.13800E+04    0.13850E+04   0.00000   0.00000   1.00000   0.00000
  140    0.13900E+04    0.13950E+04   0.00000   0.00000   1.00000   0.00000
  141    0.14000E+04    0.14050E+04   0.00000   0.00000   1.00000   0.00000
  142    0.14100E+04    0.14150E+04   0.00000   0.00000   1.00000   0.00000
  143    0.14200E+04    0.14250E+04   0.00000   0.00000   1.00000   0.00000
  144    0.14300E+04    0.14350E+04   0.00000   0.00000   1.00000   0.00000
  145    0.14400E+04    0.14450E+04   0.00000   0.00000   1.00000   0.00000
  146    0.14500E+04    0.14550E+04   0.00000   0.00000   1.00000   0.00000
  147    0.14600E+04    0.14650E+04   0.00000   0.00000   1.00000   0.00000
  148    0.14700E+04    0.14750E+04   0.00000   0.00000   1.00000   0.00000
  149    0.14800E+04    0.14850E+04   0.00000   0.00000   1.00000   0.00000
  150    0.14900E+04    0.14950E+04   0.00000   0.00000   1.00000   0.00000
  151    0.15000E+04    0.15050E+04   0.00000   0.00000   1.00000   0.00000
  152    0.15100E+04    0.15150E+04   0.00000   0.00000   1.00000   0.00000
  153    0.15200E+04    0.15250E+04   0.00000   0.00000   1.00000   0.00000
  154    0.15300E+04    0.15350E+04   0.00000   0.00000   1.00000   0.00000
  155    0.15400E+04    0.15450E+04   0.00000   0.00000   1.00000   0.00000
  156    0.15500E+04    0.15550E+04   0.00000   0.00000   1.00000   0.00000
  157    0.15600E+04    0.15650E+04   0.00000   0.00000   1.00000   0.00000
  158    0.15700E+04    0.15750E+04   0.00000   0.00000   1.00000   0.00000
  159    0.15800E+04    0.15850E+04   0.00000   0.00000   1.00000   0.00000
  160    0.15900E+04    0.15950E+04   0.00000   0.00000   1.00000   0.00000
  161    0.16000E+04    0.16050E+04   0.00000   0.00000   1.00000   0.00000
  162    0.16100E+04    0.16150E+04   0.00000   0.00000   1.00000   0.00000
  163    0.16200E+04    0.16250E+04   0.00000   0.00000   1.00000   0.00000
  164    0.16300E+04    0.16350E+04   0.00000   0.00000   1.00000   0.00000
  165    0.16400E+04    0.16450E+04   0.00000   0.00000   1.00000   0.00000
  166    0.16500E+04    0.16550E+04   0.00000   0.00000   1.00000   0.00000
  167    0.16600E+04    0.16650E+04   0.00000   0.00000   1.00000   0.00000
  168    0.16700E+04    0.16750E+04   0.00000   0.00000   1.00000   0.00000
  169    0.16800E+04    0.16850E+04   0.00000   0.00000   1.00000   0.00000
  170    0.16900E+04    0.16950E+04   0.00000   0.00000   1.00000   0.00000
  171    0.17000E+04    0.17050E+04   0.00000   0.00000   1.00000   0.00000
  172    0.17100E+04    0.17150E+04   0.00000   0.00000   1.00000   0.00000
  173    0.17200E+04    0.17250E+04   0.00000   0.00000   1.00000   0.00000
  174    0.17300E+04    0.17350E+04   0.00000   0.00000   1.00000   0.00000
  175    0.17400E+04    0.17450E+04   0.00000   0.00000   1.00000   0.00000
  176    0.17500E+04    0.17550E+04   0.00000   0.00000   1.00000   0.00000
  177    0.17600E+04    0.17650E+04   0.00000   0.00000   1.00000   0.00000
  178    0.17700E+04    0.17750E+04   0.00000   0.00000   1.00000   0.00000
  179    0.17800E+04    0.17850E+04   0.00000   0.00000   1.00000   0.00000
  180    0.17900E+04    0.17950E+04   0.00000   0.00000   1.00000   0.00000
  181    0.18000E+04    0.18050E+04   0.00000   0.00000   1.00000   0.00000
  182    0.18100E+04    0.18150E+04   0.00000   0.00000   1.00000   0.00000
  183    0.18200E+04    0.18250E+04   0.00000   0.00000   1.00000   0.00000
  184    0.18300E+04    0.18350E+04   0.00000   0.00000   1.00000   0.00000
  185    0.18400E+04    0.18450E+04   0.00000   0.00000   1.00000   0.00000
  186    0.18500E+04    0.18550E+04   0.00000   0.00000   1.00000   0.00000
  187    0.18600E+04    0.18650E+04   0.00000   0.00000   1.00000   0.00000
  188    0.18700E+04    0.18750E+04   0.00000   0.00000   1.00000   0.00000
  189    0.18800E+04    0.18850E+04   0.00000   0.00000   1.00000   0.00000
  190    0.18900E+04    0.18950E+04   0.00000   0.00000   1.00000   0.00000
  191    0.19000E+04    0.19050E+04   0.00000   0.00000   1.00000   0.00000
  192    0.19100E+04    0.19150E+04   0.00000   0.00000   1.00000   0.00000
  193    0.19200E+04    0.19250E+04   0.00000   0.00000   1.00000   0.00000
  194    0.19300E+04    0.19350E+04   0.00000   0.00000   1.00000   0.00000
  195    0.19400E+04    0.19450E+04   0.00000   0.00000   1.00000   0.00000
  196    0.19500E+04    0.19550E+04   0.00000   0.00000   1.00000   0.00000
  197    0.19600E+04    0.19650E+04   0.00000   0.00000   1.00000   0.00000
  198    0.19700E+04    0.19750E+04   0.00000   0.00000   1.00000   0.00000
  199    0.19800E+04    0.19850E+04   0.00000   0.00000   1.00000   0.00000
  200    0.19900E+04    0.19950E+04   0.00000   0.00000   1.00000   0.00000
  200    0.20000E+04
